79.24596858329933
78.50116158310159
77.7654651718168
77.03876692687918
76.32095581340413
75.6119221670593
74.9115576771472
74.21975536989635
73.5364095919589
72.86141599411201
72.19467151516015
71.5360743660364
70.88552401409967
70.24292116762606
69.60816776049153
68.9811669370435
68.36182303715947
67.7500415814898
67.14572925688286
66.54879390198992
65.95914449304782
65.37669112983714
64.8013450218136
64.23301847441083
63.67162487551191
63.117078682088305
62.569295407003345
62.02819160597884
61.49368486472242
60.965693786213926
60.44413797814861
59.92893804053532
59.42001555344789
58.91729306492759
58.420694079034995
57.930143044049295
57.44556534081326
56.96688727122207
56.494036046854305
56.026939777743145
55.56552746128629
55.10972897129268
54.65947504716449
54.21469728321261
53.775328118104035
53.34130082443952
52.912549498459796
52.489009049879016
52.07061519184356
51.65730443101475
51.249014057774154
50.84568213654963
50.44724749626088
50.05364972088285
49.66482914012566
49.28072682022964
48.90128455487383
48.526444856196896
48.15615094592871
47.790346746631485
47.428976873048995
47.07198662356266
46.719321971752954
46.37092955806503
46.02675668157732
45.686751291871545
45.350861981003334
45.019037975571635
44.691229128886334
44.36738591323233
44.04745941222925
43.73140131328533
43.41916390014453
43.110700045525704
42.805963203852436
42.504907404072824
42.20748724256774
41.91365787614674
41.623375015130435
41.33659491651799
41.05327437723936
40.7733707274906
40.49684182415136
40.22364604428385
39.95374227871184
39.6870899256791
39.423648884585994
39.163379549803416
38.906242804563064
38.65220001492327
38.40121302380908
38.153244145126074
37.90825615794683
37.666212300769025
37.427076265844555
37.19081219357856
36.957384666997676
36.72675870628647
36.498899763391314
36.273773716691