27.569246993165496
19.40160019538086
17.679169488571187
16.914047929064843
16.309085034148517
15.747744229039325
15.21227470027234
14.699293173591599
14.20753433927389
13.736072196000908
13.284060664314932
12.85069468371912
12.435203351928923
12.036847763365126
11.654919577660907
11.288739740299748
10.937657269629375
10.601048095978065
10.278313949046652
9.968881291337642
9.672200295683126
9.387743865043262
9.115006692827102
8.853504362060425
8.602772481794577
8.36236585921684
8.131857705986246
7.9108388773800975
7.6989171428946594
7.495716486999741
7.300876438800552
7.114051429411854
6.934910175898636
6.76313509068519
6.59842171537958
6.440478178004194
6.289024672664811
6.143792960730473
6.004525892634918
5.870976949447127
5.74290980339361
5.620097896549042
5.502324036944092
5.389380011370471
5.281066214192856
5.177191291506008
5.077571800002677
4.982031879944144
4.890402941650384
4.802523364950953
4.718238211060784
4.637398946367234
4.559863177635958
4.485494398163584
4.414161744424574
4.345739762778519
4.280108185821866
4.217151717985471
4.15675982999566
4.098826561832421
4.04325033383347
3.989933765607358
3.9387835024328823
3.8897100488352296
3.8426276090422284
3.7974539340362226
3.7541101749289485
3.7125207423979925
3.672613171934229
3.63431799466004
3.597568613487992
3.562301184399196
3.5284545026297107
3.4959698935620764
3.4647911081274563
3.434864222531949
3.406137542128266
3.3785615092614267
3.3520886149241766
3.3266733140646405
3.3022719443951916
3.2788426485578483
3.2563452995073874
3.2347414289791794
3.2139941589142085
3.194068135719032
3.1749294672434827
3.1565456623637487
3.1388855730631353
3.121919338907248
3.1056183338146117
3.0899551150278244
3.0749033741942813
3.0604378904692555
3.046534485557735
3.033169980614848
3.0203221549280683
3.00796970630752
2.9960922131137715
2.9846700978554406