27.569246993165496
27.81096045147896
61.74179463618245
47.46764507791766
13.650593809613655
22.29718099285072
40.52579724699494
23.51740523040448
5.162281945149874
16.428610190983292
24.94329147915607
10.74333714374465
3.1585611390627335
13.588647318188523
16.346341919053447
6.169534903251459
4.586499594277554
12.324319960924276
11.738587568088764
4.978583268688118
5.941302513301769
10.638693321020769
8.433014081905823
4.247017223345437
5.922329538397605
8.239305471606093
5.698729342381483
3.42683844832058
5.082689835828647
5.949360372927174
3.82819611789081
2.8990628552258335
4.281055110639313
4.409560851443255
2.941275524147057
2.810544247504542
3.818311104869809
3.6086279818531186
2.7069645750253497
2.9274841629234603
3.5462898129047824
3.201459813679277
2.6902872794510997
2.984743841890259
3.2817178163439995
2.920844796019425
2.6580619293883028
2.9089971681998086
2.9968671842229364
2.6948288563544356
2.5892529935692217
2.7723482810984104
2.7560005149621807
2.544379044211048
2.5328423601795804
2.6552381475846745
2.6016549295572724
2.474496481424871
2.507688642185389
2.5800759418079076
2.5204595922544963
2.453237783098159
2.4963349731823437
2.5293951828938765
2.4754119295951944
2.443646490971941
2.478742101214974
2.484908613087756
2.441194234827776
2.4285799076436714
2.4512641302261313
2.443153604794698
2.411562251432196
2.4090428122516467
2.421460103457558
2.4086234766203396
2.388468903936393
2.390736201223339
2.396162094384743
2.3836923078035546
2.372222352281921
2.375715423275231
2.3765496848966863
2.366125939547204
2.3599950536322303
2.362561590298132
2.3604564494001874
2.352184727317241
2.348772216947037
2.349647110867529
2.3459564042584766
2.339571246317929
2.337370832904884
2.3367558200513483
2.3325832162722384
2.3277936049953403
2.326099265722825
2.3245393663881173
2.3205875002982905
2.317049442756753
2.3155259011174647
2.3134869115379297
2.3100335649051327
2.307350715729974
2.3058093676533864
2.303570844075156
2.3006175973742327
2.2984323755305183
2.296784810849123
2.2945034262566963
2.291955680357682
2.290027634960956
2.2882775507906192
2.28605628658018
2.283824205413265
2.282033644420942
2.280239973423346
2.278148154763363
2.2761658878276356
2.274467631107641
2.2726955266024786
2.2707651119086227
2.2689792105789612
2.267357174811467
2.2656495117561652
2.263878924508184
2.262242354919847
2.2606884146343207
2.2590641062562424
2.2574337943046947
2.2559096034031385
2.2544201016917915
2.2528845445649943
2.2513724960534716
2.2499372641783504
2.2485131269448235
2.2470666018408094
2.2456555764614357
2.2442973384306812
2.2429416772434436
2.2415820437961544
2.240259614901157
2.238972593387373
2.237687353672309
2.236410128474285
2.2351665612567304
2.2339468987073254
2.232731287175144
2.231530143056569
2.230357238703235
2.2292012957015443
2.2280523158522976
2.2269204015754154
2.225811433944604
2.2247157048405835
2.223629429825975
2.22256052974239
2.221510283669613
2.2204715667329338
2.2194439899343723
2.218432913796205
2.217437339912632
2.216452636375214
2.2154799095726703
2.2145223022436213
2.213577990762613
2.2126442983066967
2.211722711452947
2.210814749333358
2.2099185582899055
2.2090328005844473
2.208158793755408
2.2072970204764277
2.20644595205682
2.205605063257021
2.204775305364365
2.203956589049231
2.2031478022043487
2.202348845975146
2.2015602958948834
2.200781806483276
2.2000126395952044
2.199252872252194
2.198502775991047
2.197761937078096
2.1970298990871946
2.196306772919611
2.1955926189300277
2.1948870510436573
2.1941898001454994
2.1935009448961886
2.1928204185393714
2.1921479004377797
2.1914832327918754
2.190826442085649
2.1901773980979065
2.1895358508124536
2.1889017007026195
2.188274925737696
2.187655374025217
2.1870428559010566
2.186437297149393
2.185838639925817
2.1852467343461908
2.184661435919236
2.184082677751209
2.183510380035822
2.1829444058981964
2.1823846416575043
2.1818310197291355
2.181283449888643
2.180741811598495
2.1802060108399846
2.1796759772137357
2.1791516183086284
2.1786328292623574
2.1781195281457593
2.177611642530223
2.177109082914592
2.176611757787418
2.176119592701593
2.1756325149853346
2.1751504406766644
2.1746732889382874
2.174200990294353
2.1737334735923954
2.1732706613585453
2.172812481049021
2.1723588669717206
2.171909750818781
2.1714650615713484
2.1710247331376844
2.170588703169097
2.1701569070181677
2.1697292796178007
2.169305760034407
2.1688862891803007
2.168470806450585
2.1680592520732644
2.1676515694213045
2.167247702703762
2.1668475954244704
2.1664511924620125
2.166058440951803
2.1656692884262587
2.1652836823625807
2.164901571727798
2.1645229070660768
2.164147639200972
2.1637757193396174
2.163407100076057
2.163041735116364
2.162679578479595
2.1623205848181866
2.161964709985137
2.161611910655742
2.16126214390053
2.160915367532358
2.1605715403702352
2.1602306218898626
2.15989257203981
2.1595573515285533
2.159224921902823
2.158895245278254
2.1585682842949034
2.1582440023190235
2.1579223634238964
2.1576033322068073
2.1572868738114863
2.1569729540509672
2.1566615393483897
2.156352596625889
2.156046093349567
2.1557419975920653
2.155440277966246
2.1551409035655533
2.1548438440080293
2.1545490694588083
2.1542565505723905
2.1539662584654953
2.1536781647503505
2.153392241533907
2.1531084613738645
2.1528267972694906
2.1525472226821805
2.152269711523422
2.1519942381241393
2.1517207772337192
2.1514493040296525
2.1511797941017616
2.1509122234321043
2.150646568396474
2.1503828057661916
2.1501209126926355
2.149860866694543
2.1496026456590904
2.149346227838802
2.1490915918381854
2.1488387166056393
2.1485875814330573
2.148338165950189
2.1480904501138016
2.147844414202166
2.147600038813101
2.147357304857363
2.147116193550104
2.14687668640661
2.146638765239122
2.1464024121502288
2.1461676095261
2.1459343400327366
2.1457025866120425
2.145472332475663
2.145243561099524
2.1450162562202086
2.1447904018306927
2.144565982174823
2.1443429817427098
2.1441213852671464
2.143901177719284
2.143682344303757
2.143464870454651
2.143248741831933
2.14303394431728
2.1428204640097723
2.1426082872222367
2.142397400477749
2.1421877905057087
2.141979444237999
2.1417723488056146
2.1415664915352655
2.141361859945749
2.1411584417444973
2.1409562248244054
2.140755197260609
2.1405553473071404
2.1403566633937854
2.1401591341230994
2.139962748267372
2.1397674947655596
2.1395733627203914
2.139380341395569
2.139188420212923
2.1389975887495964
2.1388078367353742
2.1386191540500414
2.138431530720747
2.1382449569194133
2.1380594229602448
2.137874919297263
2.1376914365218624
2.1375089653604094
2.137327496671933
2.1371470214458204
2.1369675307995486
2.136789015976469
2.136611468343647
2.1364348793897245
2.1362592407228123
2.1360845440684413
2.1359107812675378
2.1357379442744553
2.1355660251549993
2.1353950160845394
2.1352249093461233
2.135055697328635
2.134887372524982
2.1347199275303246
2.1345533550403255
2.134387647849448
2.134222798849258
2.134058801026788
2.133895647462912
2.133733331330747
2.1335718458941044
2.1334111845059387
2.133251340606858
2.1330923077236337
2.13293407946775
2.1327766495339833
2.1326200116989957
2.1324641598199663
2.132309087833234
2.132154789752979
2.132001259669917
2.131848491750024
2.131696480233281
2.131545219432438
2.1313947037318104
2.131244927586087
2.1310958855191653
2.1309475721230022
2.1307999820564962
2.1306531100443737
2.130506950876114
2.130361499404878
2.1302167505464604
2.1300726992782697
2.1299293406383177
2.12978666972422
2.1296446816922363
2.1295033717563094
2.1293627351871223
2.1292227673111874
2.129083463509934
2.1289448192188227
2.128806829926472
2.128669491173801
2.1285327985531906
2.128396747707655
2.1282613343300305
2.128126554162177
2.127992402994197
2.1278588766636677
2.1277259710548835
2.127593682098114
2.127462005768878
2.1273309380872263
2.12720047511704
2.127070612965341
2.126941347781611
2.126812675757131
2.1266845931243177
2.126557096156095
2.1264301811652526
2.1263038445038287
2.126178082562504
2.1260528917699997
2.1259282685924927
2.125804209533038
2.1256807111310034
2.125557769961511
2.1254353826348904
2.1253135457961427
2.1251922561244108
2.125071510332464
2.1249513051661855
2.124831637404074
2.124712503856753
2.1245939013664836
2.124475826806699
2.1243582770815284
2.1242412491253426
2.1241247399023093
2.1240087464059414
2.123893265658677
2.1237782947114345
2.1236638306432085
2.1235498705606526
2.123436411597674
2.123323450915037
2.1232109856999695
2.1230990131657848
2.122987530551502
2.122876535121471
2.1227660241650153
2.1226559949960695
2.1225464449528317
2.12243737139741
2.1223287717154906
2.1222206433160054
2.1221129836307955
2.1220057901142937
2.12189906024321
2.121792791516219
2.1216869814536494
2.1215816275971906
2.1214767275095885
2.1213722787743654
2.1212682789955273
2.121164725797282
2.121061616823771
2.1209589497387915
2.1208567222255317
2.1207549319863115
2.120653576742321
2.120552654233368
2.1204521622176347
2.120352098471426
2.1202524607889326
2.120153246981992
2.1200544548798606
2.1199560823289834
2.1198581271927646
2.1197605873513545
2.1196634607014277
2.119566745155967
2.1194704386440635
2.1193745391106984
2.1192790445165475
2.119183952837778
2.1190892620658563
2.1189949702073507
2.1189010752837416
2.118807575331242
2.118714468400601
2.1186217525569377
2.118529425879553
2.1184374864617603
2.118345932410712
2.11825476184723
2.118163972905644
2.118073563733619
2.1179835324920044
2.117893877354672
2.1178045965083574
2.11771568815251
2.1176271504991457
2.1175389817726913
2.1174511802098466
2.1173637440594346
2.1172766715822626
2.1171899610509883
2.1171036107499757
2.117017618975166
2.1169319840339424
2.1168467042450025
2.116761777938227
2.1166772034545605
2.116592979145878
2.1165091033748715
2.1164255745149254
2.116342390949997
2.1162595510745077
2.1161770532932187
2.1160948960211248
2.116013077683343
2.1159315967150025
2.115850451561132
2.1157696406765654
2.115689162525828
2.1156090155830354
2.1155291983317994
2.115449709265116
2.115370546885282
2.1152917097037895
2.115213196241232
2.115135005027212
2.1150571346002502
2.114979583507695
2.1149023503056306
2.11482543355879
2.1147488318404704
2.1146725437324463
2.1145965678248855
2.1145209027162704
2.114445547013305
2.1143704993308505
2.114295758291836
2.114221322527178
2.1141471906757174
2.114073361384128
2.1139998333068504
2.113926605106019
2.1138536754513866
2.113781043020257
2.1137087064974076
2.113636664575027
2.1135649159526446
2.1134934593370662
2.113422293442297
2.1133514169894903
2.113280828706878
2.113210527329698
2.113140511600149
2.113070780267314
2.113001332087105
2.112932165822201
2.1128632802419975
2.1127946741225356
2.112726346246451
2.1126582954029174
2.1125905203875894
2.112523020002549
2.112455793056247
2.112388838363454
2.1123221547452076
2.112255741028756
2.1121895960475063
2.1121237186409827
2.1120581076547644
2.1119927619404413
2.1119276803555738
2.111862861763624
2.1117983050339304
2.1117340090416477
2.1116699726677033
2.111606194798756
2.11154267432714
2.111479410150837
2.111416401173416
2.1113536463040017
2.111291144457224
2.1112288945531805
2.111166895517393
2.1111051462807673
2.1110436457795494
2.1109823929552887
2.110921386754801
2.1108606261301217
2.110800110038472
2.1107398374422215
2.110679807308847
2.1106200186108994
2.110560470325965
2.110501161436626
2.1104420909304302
2.1103832577998545
2.110324661042265
2.110266299659887
2.1102081726597706
2.1101502790537543
2.1100926178584345
2.1100351880951305
2.109977988789854
2.109921018973273
2.109864277680685
2.109807763951982
2.1097514768316192
2.109695415368586
2.1096395786163766
2.109583965632956
2.109528575480734
2.1094734072265346
2.1094184599415646
2.10936373270139
2.1093092245859006
2.1092549346792895
2.10920086207002
2.109147005850801
2.1090933651185564
2.1090399389743992
2.1089867265236113
2.108933726875607
2.1088809391439134
2.1088283624461432
2.10877599590397
2.1087238386430984
2.1086718897932477
2.1086201484881175
2.1085686138653714
2.108517285066607
2.108466161237337
2.1084152415269592
2.1083645250887395
2.108314011079784
2.1082636986610197
2.108213586997167
2.108163675256722
2.1081139626119314
2.1080644482387716
2.1080151313169253
2.1079660110297627
2.107917086564315
2.1078683571112586
2.1078198218648936
2.107771480023118
2.107723330787408
2.1076753733628064
2.10762760695789
2.107580030784758
2.1075326440590083
2.1074854459997177
2.1074384358294247
2.1073916127741104
2.1073449760631737
2.1072985249294187
2.1072522586090345
2.107206176341575
2.1071602773699403
2.1071145609403574
2.1070690263023666
2.107023672708802
2.1069784994157663
2.1069335056826235
2.1068886907719775
2.106844053949651
2.106799594484672
2.106755311649258
2.1067112047187986
2.1066672729718294
2.106623515690031
2.106579932158201
2.106536521664243
2.1064932834991463
2.106450216956974
2.1064073213348427
2.1063645959329116
2.1063220400543616
2.106279653005386
2.106237434095163
2.1061953826358595
2.1061534979425973
2.106111779333446
2.106070226129411
2.1060288376544114
2.1059876132352726
2.1059465522017047
2.105905653886292
2.10586491762448
2.1058243427545573
2.105783928617642
2.105743674557668
2.105703579921375
2.105663644058289
2.105623866320709
2.1055842460636978
2.105544782645065
2.1055054754253506
2.105466323767819
2.1054273270384427
2.105388484605881
2.10534979584148
2.1053112601192545
2.1052728768158695
2.105234645310632
2.105196564985486
2.1051586352249836
2.105120855416281
2.1050832249491305
2.1050457432158627
2.105008409611371
2.1049712235331066
2.1049341843810634
2.104897291557765
2.1048605444682496
2.104823942520067
2.10478748512326
2.1047511716903506
2.1047150016363396
2.1046789743786785
2.1046430893372716
2.10460734593446
2.104571743595008
2.104536281746097
2.1045009598173054
2.104465777240608
2.104430733450358
2.1043958278832773
2.104361059978448
2.104326429177299
2.1042919349235945
2.1042575766634277
2.104223353845205
2.1041892659196355
2.1041553123397283
2.1041214925607665
2.1040878060403183
2.104054252238207
2.104020830616509
2.1039875406395443
2.103954381773867
2.1039213534882486
2.103888455253678
2.103855686543341
2.10382304683262
2.1037905355990754
2.1037581523224422
2.1037258964846193
2.103693767569656
2.1036617650637455
2.103629888455216
2.103598137234518
2.1035665108942165
2.103535008928985
2.10350363083559
2.103472376112884
2.103441244261797
2.103410234785331
2.1033793471885405
2.1033485809785355
2.103317935664463
2.103287410757503
2.103257005770858
2.1032267202197437
2.1031965536213826
2.10316650549499
2.1031365753617735
2.1031067627449134
2.1030770671695653
2.1030474881628427
2.103018025253813
2.102988677973487
2.1029594458548133
2.1029303284326653
2.1029013252438364
2.1028724358270305
2.1028436597228533
2.102814996473805
2.10278644562427
2.102758006720511
2.102729679310663
2.1027014629447174
2.1026733571745204
2.102645361553767
2.102617475637982
2.1025896989845263
2.1025620311525812
2.102534471703138
2.1025070201989955
2.102479676204751
2.102452439286794
2.102425309013292
2.1023982849541882
2.1023713666811976
2.1023445537677903
2.1023178457891896
2.1022912423223645
2.1022647429460197
2.102238347240591
2.1022120547882364
2.1021858651728276
2.1021597779799435
2.102133792796866
2.1021079092125694
2.102082126817713
2.102056445204633
2.1020308639673417
2.1020053827015124
2.101980001004478
2.101954718475219
2.101929534714362
2.1019044493241674
2.101879461908531
2.10185457207296
2.1018297794245897
2.101805083572157
2.101780484126001
2.101755980698059
2.1017315729018544
2.1017072603524958
2.101683042666661
2.101658919462602
2.101634890360129
2.101610954980612
2.1015871129469623
2.1015633638836415
2.101539707416642
2.1015161431734866
2.101492670783221
2.101469289876408
2.1014460000851187
2.1014228010429297
2.101399692384915
2.101376673747639
2.101353744769151
2.1013309050889792
2.101308154348124
2.1012854921890503
2.101262918255688