27.569246993165496
19.40160019538086
17.679169488571187
16.914047929064843
16.309085034148517
15.747744229039325
15.21227470027234
14.699293173591599
14.20753433927389
13.736072196000908
13.284060664314932
12.85069468371912
12.435203351928923
12.036847763365126
11.654919577660907
11.288739740299748
10.937657269629375
10.601048095978065
10.278313949046652
9.968881291337642
9.672200295683126
9.387743865043262
9.115006692827102
8.853504362060425
8.602772481794577
8.36236585921684
8.131857705986246
7.9108388773800975
7.6989171428946594
7.495716486999741
7.300876438800552
7.114051429411854
6.934910175898636
6.76313509068519
6.59842171537958
6.440478178004194
6.289024672664811
6.143792960730473
6.004525892634918
5.870976949447127
5.74290980339361
5.620097896549042
5.502324036944092
5.389380011370471
5.281066214192856
5.177191291506008
5.077571800002677
4.982031879944144
4.890402941650384
4.802523364950953
4.718238211060784
4.637398946367234
4.559863177635958
4.485494398163584
4.414161744424574
4.345739762778519
4.280108185821866
4.217151717985471
4.15675982999566
4.098826561832421
4.04325033383347
3.989933765607358
3.9387835024328823
3.8897100488352296
3.8426276090422284
3.7974539340362226
3.7541101749289485
3.7125207423979925
3.672613171934229
3.63431799466004
3.597568613487992
3.562301184399196
3.5284545026297107
3.4959698935620764
3.4647911081274563
3.434864222531949
3.406137542128266
3.3785615092614267
3.3520886149241766
3.3266733140646405
3.3022719443951916
3.2788426485578483
3.2563452995073874
3.2347414289791794
3.2139941589142085
3.194068135719032
3.1749294672434827
3.1565456623637487
3.1388855730631353
3.121919338907248
3.1056183338146117
3.0899551150278244
3.0749033741942813
3.0604378904692555
3.046534485557735
3.033169980614848
3.0203221549280683
3.00796970630752
2.9960922131137715
2.9846700978554406
2.973684592291677
2.9631177039773546
2.9529521841912962
2.9431714971903684
2.933759790734636
2.9247018678310304
2.915983159645141
2.9075896995328705
2.8995080981456205
2.891725519564662
2.8842296584221176
2.8770087179677803
2.87005138904266
2.863346829921797
2.8568846469903564
2.850654876218621
2.8446479654027845
2.838854757139957
2.833266472506971
2.827874695413922
2.8226713576045555
2.8176487242767347
2.812799380297373
2.808116216987251
2.803592419452159
2.799221454437775
2.794997058686638
2.7909132277764357
2.7869642054197477
2.7831444732061215
2.7794487407682404
2.7758719363546067
2.7724091977919727
2.769055863821382
2.76580746579239
2.762659719700647
2.759608518554656
2.756649925058089
2.75378016459463
2.750995618502815
2.7482928176289128
2.745668436146318
2.743119285630462
2.7406423093786683
2.7382345769648344
2.7358932790192205
2.7336157222240445
2.731399324515963
2.729241610486896
2.7271402069749664
2.7250928388377234
2.7230973249001043
2.721151574069902
2.719253581613838
2.7174014255875587
2.7155932634132487
2.7138273285986965
2.7121019275920255
2.7104154367664326
2.7087662995295823
2.7071530235525074
2.7055741781130696
2.7040283915492216
2.7025143488175916
2.7010307891529544
2.699576503824498
2.698150333984821
2.6967511686078685
2.695377942512109
2.694029634465443
2.6927052653684327
2.6914038965126723
2.6901246279111275
2.6888665966975167
2.6876289755918576
2.6864109714294493
2.685211823750668
2.684030803449055
2.68286721147531
2.6817203775948375
2.6805896591966825
2.679474440151681
2.678374129717839
2.677288161490945
2.6762159923985696
2.675157101735662
2.6741109902400058
2.6730771792058934
2.67205520963446
2.671044641419116
2.670045052564677
2.6690560384387676
2.668077211054161
2.6671081983808067
2.6661486436862862
2.665198204903542
2.6642565540247296
2.6633233765201556
2.6623983707812062
2.6614812475863263
2.66057172958907
2.6596695508273056
2.6587744562527282
2.6578862012798066
2.6570045513533804
2.6561292815341444
2.6552601761012453
2.654397028171338
2.6535396393333572
2.6526878192984173
2.6518413855641616
2.6510001630930082
2.6501639840036746
2.649332687275477
2.6485061184648413
2.647684129433531
2.646866578088119
2.6460533281302276
2.6452442488170886
2.6444392147320017
2.643638105564292
2.6428408058983512
2.642047205011409
2.64125719667966
2.6404706789924046
2.639687554173879
2.6389077284124447
2.638131111696837
2.6373576176591973
2.636587163424569
2.635819669466646
2.6350550594694573
2.6342932601947866
2.6335342013550633
2.6327778154915142
2.6320240378573505
2.631272806305775
2.6305240611826375
2.62977774522351
2.6290338034550254
2.628292183100293
2.6275528334882257
2.626815705966609
2.6260807538187714
2.6253479321836966
2.6246171979794375
2.623888509829695
2.6231618279934317
2.6224371142974023
2.621714332071463
2.620993446086561
2.6202744224952847
2.6195572287748727
2.6188418336725814
2.6181282071533034
2.61741632034936
2.616706145512359
2.6159976559670546
2.615290826067108
2.614585631152671
2.6138820475097333
2.6131800523311495
2.612479623679262
2.611780740450092
2.6110833823389927
2.6103875298077326
2.6096931640529264
2.6090002669757926
2.6083088211531344
2.607618809809547
2.6069302167907487
2.6062430265380336
2.6055572240637703
2.6048727949279136
2.6041897252154955
2.603508001515029
2.6028276108978288
2.602148540898163
2.6014707794942384
2.6007943150899746
2.6001191364975185
2.59944523292049
2.5987725939379214
2.598101209488856
2.5974310698575853
2.596762165659495
2.596094487827501
2.5954280275990387
2.5947627765035897
2.594098726350737
2.5934358692186974
2.5927741974433314
2.59211370360762
2.591454380531563
2.5907962212624915
2.590139219065802
2.5894833674160425
2.588828659988397
2.5881750906505028
2.587522653454608
2.586871342630066
2.5862211525761203
2.585572077855004
2.584924113185314
2.5842772534356664
2.5836314936186096
2.5829868288847875
2.582343254517349
2.5817007659265814
2.5810593586447745
2.580419028321289
2.5797797707178307
2.5791415817039227
2.5785044572525617
2.5778683934360522
2.5772333864220185
2.5765994324695782
2.575966527925667
2.5753346692215278
2.574703852869339
2.5740740754589764
2.5734453336549166
2.572817624193268
2.5721909438789177
2.5715652895828027
2.5709406582392904
2.570317046843667
2.5696944524497383
2.569072872167507
2.568452303160976
2.567832742646017
2.567214187888343
2.566596636201554
2.565980084945272
2.5653645315233446
2.564749973382129
2.564136408008847
2.563523832929998
2.562912245709854
2.562301643948999
2.561692025282945
2.561083387380787
2.5604757279439365
2.55986904470488
2.559263335426016
2.5586585978985155
2.5580548299412476
2.5574520293997405
2.556850194145186
2.556249322073486
2.555649411104342
2.5550504591803715
2.5544524642662743
2.553855424348024
2.5532593374320935
2.552664201544714
2.552070014731169
2.5514767750551055
2.5508844805978876
2.550293129457966
2.5497027197502766
2.549113249605667
2.5485247171703413
2.5479371206053325
2.5473504580859925
2.546764727801505
2.5461799279544195
2.5455960567602007
2.5450131124468025
2.5444310932542495
2.5438499974342483
2.5432698232498034
2.5426905689748556
2.5421122328939325
2.541534813301817
2.540958308503217
2.5403827168124713
2.5398080365532403
2.5392342660582345
2.5386614036689346
2.538089447735333
2.537518396615688
2.5369482486762758
2.5363790022911665
2.5358106558420035
2.535243207717785
2.5346766563146725
2.534111000035781
2.5335462372910027
2.532982366496826
2.5324193860761577
2.5318572944581605
2.5312960900781016
2.530735771377187
2.530176336802423
2.529617784806476
2.5290601138475366
2.52850332238919
2.5279474089002933
2.5273923718548517
2.526838209731912
2.5262849210154465
2.5257325041942464
2.5251809577618287
2.5246302802163307
2.524080470060422
2.5235315258012077
2.52298344595015
2.522436229022986
2.521889873539638
2.521344378024147
2.5207997410045966
2.5202559610130413
2.5197130365854363
2.5191709662615795
2.5186297485850444
2.5180893821031183
2.5175498653667465
2.5170111969304783
2.516473375352412
2.5159363991941386
2.515400267020704
2.5148649774005483
2.5143305289054703
2.513796920110576
2.5132641495942423
2.5127322159380703
2.5122011177268524
2.511670853548529
2.5111414219941532
2.510612821657861
2.510085051136828
2.5095581090312455
2.5090319939442844
2.508506704482066
2.5079822392536366
2.507458596870932
2.506935775948756
2.5064137751047526
2.5058925929593827
2.5053722281358954
2.5048526792603067
2.504333944961382
2.5038160238706046
2.5032989146221647
2.5027826158529276
2.5022671262024243
2.5017524443128303
2.5012385688289402
2.500725498398157
2.5002132316704753
2.49970176729846
2.4991911039372323
2.4986812402444554
2.498172174880316
2.4976639065075146
2.497156433791244
2.4966497553991887
2.496143870001491
2.495638776270759
2.4951344728820413
2.49463095851282
2.4941282318429945
2.4936262915548766
2.4931251363331723
2.492624764864974
2.4921251758397545
2.491626367949347
2.491128339887943
2.4906310903520783
2.490134618040628
2.489638921654792
2.4891439998980873
2.4886498514763433
2.4881564750976892
2.487663869472546
2.4871720333136182
2.486680965335889
2.486190664256607
2.485701128795284
2.4852123576736846
2.48472434961582
2.4842371033479393
2.483750617598524
2.4832648910982806
2.4827799225801357
2.4822957107792245
2.4818122544328913
2.481329552280677
2.4808476030643165
2.4803664055277324
2.4798859584170234
2.4794062604804705
2.478927310468518
2.4784491071337764
2.477971649231013
2.4774949355171496
2.477018964751251
2.4765437356945266
2.4760692471103227
2.475595497764114
2.475122486423504
2.4746502118582137
2.4741786728400856
2.4737078681430678
2.47323779654322
2.472768456818698
2.472299847749756
2.471831968118743
2.471364816710094
2.470898392310327
2.4704326937080348
2.469967719693891
2.4695034690606334
2.4690399406030688
2.468577133118059
2.468115045404528
2.46765367626345
2.4671930244978464
2.466733088912785
2.466273868315372
2.465815361514744
2.4653575673220787
2.464900484550577
2.4644441120154568
2.463988448533969
2.463533492925368
2.4630792440109257
2.462625700613921
2.462172861559635
2.461720725675351
2.4612692917903445
2.46081855873589
2.460368525345245
2.4599191904536544
2.459470552898343
2.4590226115185136
2.4585753651553435
2.4581288126519776
2.457682952853531
2.4572377846070776
2.4567933067616545
2.456349518168251
2.455906417679809
2.4554640041512212
2.4550222764393226
2.4545812334028896
2.4541408739026402
2.453701196801221
2.4532622009632132
2.4528238852551247
2.452386248545387
2.451949289704352
2.4515130076042904
2.4510774011193828
2.450642469125725
2.450208210501314
2.4497746241260545
2.4493417088817497
2.4489094636521
2.4484778873226993
2.448046978781031
2.4476167369164643
2.4471871606202544
2.4467582487855353
2.446330000307314
2.445902414082478
2.445475489009781
2.4450492239898427
2.4446236179251497
2.4441986697200466
2.443774378280735
2.4433507425152725
2.4429277613335656
2.44250543364737
2.4420837583702837
2.441662734417747
2.4412423607070384
2.44082263615727
2.4404035596893867
2.439985130226162
2.439567346692192
2.4391502080138983
2.438733713119519
2.438317860939109
2.4379026504045376
2.437488080449479
2.4370741500094186
2.4366608580216425
2.4362482034252375
2.4358361851610892
2.435424802171872
2.4350140534020595
2.4346039377979047
2.434194454307452
2.4337856018805235
2.4333773794687223
2.4329697860254256
2.432562820505785
2.432156481866717
2.4317507690669116
2.4313456810668153
2.430941216828641
2.430537375316358
2.430134155495685
2.4297315563340955
2.4293295768008147
2.428928215866808
2.4285274725047854
2.4281273456891976
2.42772783439623
2.4273289376038023
2.4269306542915636
2.426532983440893
2.426135924034892
2.4257394750583856
2.4253436354979168
2.4249484043417433
2.4245537805798394
2.4241597632038823
2.4237663512072647
2.423373543585078
2.422981339334118
2.4225897374528764
2.4221987369415405
2.4218083368019916
2.4214185360378013
2.4210293336542246
2.420640728658205
2.4202527200583637
2.4198653068649993
2.4194784880900904
2.4190922627472835
2.418706629851899
2.4183215884209166
2.4179371374729883
2.4175532760284244
2.4171700031091916
2.4167873177389128
2.416405218942866
2.4160237057479743
2.4156427771828133
2.4152624322775997
2.4148826700641908
2.4145034895760835
2.414124889848413
2.413746869917943
2.4133694288230716
2.412992565603822
2.4126162793018415
2.412240568960403
2.4118654336243925
2.41149087234032
2.4111168841563035
2.410743468122073
2.4103706232889675
2.409998348709933
2.409626643439515
2.40925550653386
2.4088849370507135
2.408514934049415
2.4081454965908926
2.4077766237376688
2.407408314553849
2.407040568105122
2.4066733834587595
2.4063067596836127
2.4059406958501035
2.405575191030232
2.4052102442975656
2.404845854727242
2.4044820213959595
2.404118743381982
2.4037560197651335
2.4033938496267933
2.403032232049894
2.402671166118924
2.4023106509199166
2.4019506855404527
2.4015912690696593
2.4012324005982006
2.4008740792182834
2.400516304023647
2.4001590741095655
2.399802388572845
2.3994462465118165
2.3990906470263407
2.3987355892177975
2.3983810721890872
2.398027095044632
2.3976736568903636
2.3973207568337314
2.39696839398369
2.3966165674507076
2.3962652763467496
2.3959145197852885
2.395564296881299
2.3952146067512463
2.394865448513094
2.3945168212862997
2.3941687241918053
2.393821156352046
2.3934741168909364
2.3931276049338743
2.3927816196077414
2.3924361600408885
2.3920912253631466
2.391746814705818
2.3914029272016726
2.3910595619849477
2.390716718191345
2.390374394958031
2.3900325914236262
2.389691306728214
2.389350540013329
2.3890102904219566
2.388670557098533
2.3883313391889462
2.3879926358405204
2.3876544462020273
2.3873167694236765
2.386979604657119
2.386642951055432
2.386306807773134
2.385971173966168
2.3856360487919086
2.38530143140915
2.3849673209781144
2.3846337166604417
2.384300617619189
2.3839680230188316
2.3836359320252556
2.3833043438057575
2.3829732575290437
2.3826426723652236
2.3823125874858153
2.381983002063731
2.3816539152732883
2.381325326290194
2.3809972342915566
2.3806696384558705
2.3803425379630228
2.380015931994283
2.3796898197323104
2.3793642003611404
2.3790390730661954
2.3787144370342683
2.378390291453533
2.3780666355135303
2.3777434684051766
2.377420789320753
2.3770985974539065
2.3767768919996515
2.3764556721543575
2.376134937115757
2.3758146860829368
2.375494918256341
2.3751756328377605
2.374856829030342
2.374538506038573
2.3742206630682885
2.373903299326672
2.3735864140222374
2.373270006364843
2.3729540755656804
2.372638620837278
2.3723236413934923
2.3720091364495093
2.3716951052218436
2.3713815469283324
2.3710684607881363
2.370755846021736
2.3704437018509292
2.3701320274988293
2.369820822189864
2.369510085149772
2.3691998156055982
2.3688900127856973
2.368580675919728
2.3682718042386504
2.367963396974723
2.3676554533615044
2.3673479726338496
2.367040954027905
2.3667343967811068
2.366428300132184
2.3661226633211494
2.3658174855893
2.3655127661792195
2.3652085043347677
2.364904699301084
2.3646013503245817
2.3642984566529517
2.363996017535152
2.3636940322214133
2.3633924999632323
2.363091420013371
2.362790791625852
2.3624906140559636
2.3621908865602497
2.361891608396509
2.3615927788237983
2.361294397102423
2.360996462493941
2.3606989742611595
2.360401931668127
2.3601053339801394
2.3598091804637336
2.3595134703866822
2.359218203018004
2.3589233776279435
2.3586289934879834
2.3583350498708366
2.358041546050445
2.3577484813019782
2.3574558549018274
2.357163666127612
2.3568719142581656
2.3565805985735473
2.356289718355027
2.3559992728850916
2.3557092614474393
2.355419683326981
2.3551305378098326
2.354841824183319
2.3545535417359655
2.354265689757507
2.353978267538868
2.35369127437218
2.3534047095507664
2.3531185723691443
2.352832862123024
2.3525475781093066
2.3522627196260784
2.351978285972612
2.3516942764493676
2.3514106903579823
2.3511275270012773
2.350844785683247
2.350562465709065
2.3502805663850785
2.3499990870188046
2.3497180269189326
2.3494373853953183
2.3491571617589835
2.348877355322112
2.3485979653980564
2.34831899130132
2.348040432347568
2.3477622878536257
2.3474845571374634
2.347207239518213
2.346930334316152
2.346653840852703
2.3463777584504397
2.3461020864330795
2.345826824125479
2.345551970853638
2.3452775259446943
2.345003488726921
2.3447298585297256
2.344456634683651
2.3441838165203666
2.343911403372674
2.3436393945745007
2.3433677894608977
2.3430965873680423
2.3428257876332297
2.342555389594875
2.3422853925925105
2.3420157959667858
2.3417465990594626
2.341477801213413
2.341209401772623
2.34094140008218
2.340673795488283
2.340406587338232
2.340139774980432
2.3398733577643855
2.3396073350406925
2.339341706161055
2.3390764704782647
2.3388116273462076
2.3385471761198615
2.338283116155293
2.338019446809655
2.3377561674411873
2.3374932774092128
2.337230776074134
2.3369686627974384
2.3367069369416873
2.3364455978705196
2.336184644948648
2.3359240775418586
2.3356638950170097
2.3354040967420224
2.3351446820858963
2.3348856504186855
2.3346270011115107
2.334368733536556
2.334110847067067
2.333853341077342
2.333596214942742
2.3333394680396755
2.333083099745609
2.332827109439062
2.3325714964995936
2.3323162603078194
2.332061400245397
2.3318069156950285
2.3315528060404582
2.3312990706664674
2.3310457089588814
2.3307927203045598
2.330540104091395
2.3302878597083168
2.330035986545282
2.32978448399328
2.329533351444329
2.3292825882914685
2.3290321939287697
2.32878216775132
2.3285325091552314
2.3282832175376327
2.3280342922966746
2.327785732831519
2.3275375385423414
2.3272897088303357
2.3270422430977002
2.3267951407476444
2.3265484011843864
2.3263020238131467
2.326056008040152
2.32581035327263
2.325565058918809
2.3253201243879142
2.325075549090173
2.3248313324368026
2.324587473840017
2.324343972713019
2.3241008284700033
2.323858040526153
2.3236156082976427
2.323373531201623
2.3231318086562336
2.3228904400805956
2.3226494248948115
2.3224087625199576
2.322168452378091
2.3219284938922438
2.3216888864864194
2.3214496295855946
2.321210722615717
2.3209721650037016
2.3207339561774307
2.3204960955657503
2.320258582598474
2.320021416706372
2.319784597321181
2.319548123875589
2.319311995803247
2.3190762125387616
2.31884077351769
2.3186056781765405
2.3183709259527774
2.3181365162848078
2.317902448611993
2.3176687223746337
2.3174353370139777
2.317202291972217
2.31696958669248
2.3167372206188377
2.316505193196299
2.316273503870809
2.316042152089243
2.3158111372994146
2.3155804589500675
2.3153501164908743
2.3151201093724354
2.3148904370462797
2.3146610989648604
2.3144320945815515
2.3142034233506545
2.3139750847273834
2.3137470781678817
2.313519403129199
2.3132920590693082
2.3130650454470927
2.3128383617223505
2.3126120073557903
2.3123859818090278
2.3121602845445888
2.311934915025908
2.311709872717317
2.3114851570840598
2.311260767592277
2.311036703709012
2.310812964902204
2.3105895506406893
2.3103664603942047