27.569246993165496
19.40160019538086
17.679169488571187
16.914047929064843
16.309085034148517
15.747744229039325
15.21227470027234
14.699293173591599
14.20753433927389
13.736072196000908
13.284060664314932
12.85069468371912
12.435203351928923
12.036847763365126
11.654919577660907
11.288739740299748
10.937657269629375
10.601048095978065
10.278313949046652
9.968881291337642
9.672200295683126
9.387743865043262
9.115006692827102
8.853504362060425
8.602772481794577
8.36236585921684
8.131857705986246
7.9108388773800975
7.6989171428946594
7.495716486999741
7.300876438800552
7.114051429411854
6.934910175898636
6.76313509068519
6.59842171537958
6.440478178004194
6.289024672664811
6.143792960730473
6.004525892634918
5.870976949447127
5.74290980339361
5.620097896549042
5.502324036944092
5.389380011370471
5.281066214192856
5.177191291506008
5.077571800002677
4.982031879944144
4.890402941650384
4.802523364950953
4.718238211060784
4.637398946367234
4.559863177635958
4.485494398163584
4.414161744424574
4.345739762778519
4.280108185821866
4.217151717985471
4.15675982999566
4.098826561832421
4.04325033383347
3.989933765607358
3.9387835024328823
3.8897100488352296
3.8426276090422284
3.7974539340362226
3.7541101749289485
3.7125207423979925
3.672613171934229
3.63431799466004
3.597568613487992
3.562301184399196
3.5284545026297107
3.4959698935620764
3.4647911081274563
3.434864222531949
3.406137542128266
3.3785615092614267
3.3520886149241766
3.3266733140646405
3.3022719443951916
3.2788426485578483
3.2563452995073874
3.2347414289791794
3.2139941589142085
3.194068135719032
3.1749294672434827
3.1565456623637487
3.1388855730631353
3.121919338907248
3.1056183338146117
3.0899551150278244
3.0749033741942813
3.0604378904692555
3.046534485557735
3.033169980614848
3.0203221549280683
3.00796970630752
2.9960922131137715
2.9846700978554406
2.973684592291677
2.9631177039773546
2.9529521841912962
2.9431714971903684
2.933759790734636
2.9247018678310304
2.915983159645141
2.9075896995328705
2.8995080981456205
2.891725519564662
2.8842296584221176
2.8770087179677803
2.87005138904266
2.863346829921797
2.8568846469903564
2.850654876218621
2.8446479654027845
2.838854757139957
2.833266472506971
2.827874695413922
2.8226713576045555
2.8176487242767347
2.812799380297373
2.808116216987251
2.803592419452159
2.799221454437775
2.794997058686638
2.7909132277764357
2.7869642054197477
2.7831444732061215
2.7794487407682404
2.7758719363546067
2.7724091977919727
2.769055863821382
2.76580746579239
2.762659719700647
2.759608518554656
2.756649925058089
2.75378016459463
2.750995618502815
2.7482928176289128
2.745668436146318
2.743119285630462
2.7406423093786683
2.7382345769648344
2.7358932790192205
2.7336157222240445
2.731399324515963
2.729241610486896
2.7271402069749664
2.7250928388377234
2.7230973249001043
2.721151574069902
2.719253581613838
2.7174014255875587
2.7155932634132487
2.7138273285986965
2.7121019275920255
2.7104154367664326
2.7087662995295823
2.7071530235525074
2.7055741781130696
2.7040283915492216
2.7025143488175916
2.7010307891529544
2.699576503824498
2.698150333984821
2.6967511686078685
2.695377942512109
2.694029634465443
2.6927052653684327
2.6914038965126723
2.6901246279111275
2.6888665966975167
2.6876289755918576
2.6864109714294493
2.685211823750668
2.684030803449055
2.68286721147531
2.6817203775948375
2.6805896591966825
2.679474440151681
2.678374129717839
2.677288161490945
2.6762159923985696
2.675157101735662
2.6741109902400058
2.6730771792058934
2.67205520963446
2.671044641419116
2.670045052564677
2.6690560384387676
2.668077211054161
2.6671081983808067
2.6661486436862862
2.665198204903542
2.6642565540247296
2.6633233765201556
2.6623983707812062
2.6614812475863263
2.66057172958907
2.6596695508273056
2.6587744562527282
2.6578862012798066
2.6570045513533804
2.6561292815341444
2.6552601761012453
2.654397028171338
2.6535396393333572
2.6526878192984173
2.6518413855641616
2.6510001630930082
2.6501639840036746
2.649332687275477
2.6485061184648413
2.647684129433531
2.646866578088119
2.6460533281302276
2.6452442488170886
2.6444392147320017
2.643638105564292
2.6428408058983512
2.642047205011409
2.64125719667966
2.6404706789924046
2.639687554173879
2.6389077284124447
2.638131111696837
2.6373576176591973
2.636587163424569
2.635819669466646
2.6350550594694573
2.6342932601947866
2.6335342013550633
2.6327778154915142
2.6320240378573505
2.631272806305775
2.6305240611826375
2.62977774522351
2.6290338034550254
2.628292183100293
2.6275528334882257
2.626815705966609
2.6260807538187714
2.6253479321836966
2.6246171979794375
2.623888509829695
2.6231618279934317
2.6224371142974023
2.621714332071463