27.569246993165496
19.40160019538086
17.679169488571187
16.914047929064843
16.309085034148517
15.747744229039325
15.21227470027234
14.699293173591599
14.20753433927389
13.736072196000908
13.284060664314932
12.85069468371912
12.435203351928923
12.036847763365126
11.654919577660907
11.288739740299748
10.937657269629375
10.601048095978065
10.278313949046652
9.968881291337642
9.672200295683126
9.387743865043262
9.115006692827102
8.853504362060425
8.602772481794577
8.36236585921684
8.131857705986246
7.9108388773800975
7.6989171428946594
7.495716486999741
7.300876438800552
7.114051429411854
6.934910175898636
6.76313509068519
6.59842171537958
6.440478178004194
6.289024672664811
6.143792960730473
6.004525892634918
5.870976949447127
5.74290980339361
5.620097896549042
5.502324036944092
5.389380011370471
5.281066214192856
5.177191291506008
5.077571800002677
4.982031879944144
4.890402941650384
4.802523364950953
4.718238211060784
4.637398946367234
4.559863177635958
4.485494398163584
4.414161744424574
4.345739762778519
4.280108185821866
4.217151717985471
4.15675982999566
4.098826561832421
4.04325033383347
3.989933765607358
3.9387835024328823
3.8897100488352296
3.8426276090422284
3.7974539340362226
3.7541101749289485
3.7125207423979925
3.672613171934229
3.63431799466004
3.597568613487992
3.562301184399196
3.5284545026297107
3.4959698935620764
3.4647911081274563
3.434864222531949
3.406137542128266
3.3785615092614267
3.3520886149241766
3.3266733140646405
3.3022719443951916
3.2788426485578483
3.2563452995073874
3.2347414289791794
3.2139941589142085
3.194068135719032
3.1749294672434827
3.1565456623637487
3.1388855730631353
3.121919338907248
3.1056183338146117
3.0899551150278244
3.0749033741942813
3.0604378904692555
3.046534485557735
3.033169980614848
3.0203221549280683
3.00796970630752
2.9960922131137715
2.9846700978554406
2.973684592291677
2.9631177039773546
2.9529521841912962
2.9431714971903684
2.933759790734636
2.9247018678310304
2.915983159645141
2.9075896995328705
2.8995080981456205
2.891725519564662
2.8842296584221176
2.8770087179677803
2.87005138904266
2.863346829921797
2.8568846469903564
2.850654876218621
2.8446479654027845
2.838854757139957
2.833266472506971
2.827874695413922
2.8226713576045555
2.8176487242767347
2.812799380297373
2.808116216987251
2.803592419452159
2.799221454437775
2.794997058686638
2.7909132277764357
2.7869642054197477
2.7831444732061215
2.7794487407682404
2.7758719363546067
2.7724091977919727
2.769055863821382
2.76580746579239
2.762659719700647
2.759608518554656
2.756649925058089
2.75378016459463
2.750995618502815
2.7482928176289128
2.745668436146318
2.743119285630462
2.7406423093786683
2.7382345769648344
2.7358932790192205
2.7336157222240445
2.731399324515963
2.729241610486896
2.7271402069749664
2.7250928388377234
2.7230973249001043
2.721151574069902
2.719253581613838
2.7174014255875587
2.7155932634132487
2.7138273285986965
2.7121019275920255
2.7104154367664326
2.7087662995295823
2.7071530235525074
2.7055741781130696
2.7040283915492216
2.7025143488175916
2.7010307891529544
2.699576503824498
2.698150333984821
2.6967511686078685
2.695377942512109
2.694029634465443
2.6927052653684327
2.6914038965126723
2.6901246279111275
2.6888665966975167
2.6876289755918576
2.6864109714294493
2.685211823750668
2.684030803449055
2.68286721147531
2.6817203775948375
2.6805896591966825
2.679474440151681
2.678374129717839
2.677288161490945
2.6762159923985696
2.675157101735662
2.6741109902400058
2.6730771792058934
2.67205520963446
2.671044641419116
2.670045052564677
2.6690560384387676
2.668077211054161
2.6671081983808067
2.6661486436862862
2.665198204903542
2.6642565540247296
2.6633233765201556
2.6623983707812062
2.6614812475863263
2.66057172958907
2.6596695508273056
2.6587744562527282
2.6578862012798066
2.6570045513533804
2.6561292815341444
2.6552601761012453
2.654397028171338
2.6535396393333572
2.6526878192984173
2.6518413855641616
2.6510001630930082
2.6501639840036746
2.649332687275477
2.6485061184648413
2.647684129433531
2.646866578088119
2.6460533281302276
2.6452442488170886
2.6444392147320017
2.643638105564292
2.6428408058983512
2.642047205011409
2.64125719667966
2.6404706789924046
2.639687554173879
2.6389077284124447
2.638131111696837
2.6373576176591973
2.636587163424569
2.635819669466646
2.6350550594694573
2.6342932601947866
2.6335342013550633
2.6327778154915142
2.6320240378573505
2.631272806305775
2.6305240611826375
2.62977774522351
2.6290338034550254
2.628292183100293
2.6275528334882257
2.626815705966609
2.6260807538187714
2.6253479321836966
2.6246171979794375
2.623888509829695
2.6231618279934317
2.6224371142974023
2.621714332071463
2.620993446086561
2.6202744224952847
2.6195572287748727
2.6188418336725814
2.6181282071533034
2.61741632034936
2.616706145512359
2.6159976559670546
2.615290826067108
2.614585631152671
2.6138820475097333
2.6131800523311495
2.612479623679262
2.611780740450092
2.6110833823389927
2.6103875298077326
2.6096931640529264
2.6090002669757926
2.6083088211531344
2.607618809809547
2.6069302167907487
2.6062430265380336
2.6055572240637703
2.6048727949279136
2.6041897252154955
2.603508001515029
2.6028276108978288
2.602148540898163
2.6014707794942384
2.6007943150899746
2.6001191364975185
2.59944523292049
2.5987725939379214
2.598101209488856
2.5974310698575853
2.596762165659495
2.596094487827501
2.5954280275990387
2.5947627765035897
2.594098726350737
2.5934358692186974
2.5927741974433314
2.59211370360762
2.591454380531563
2.5907962212624915
2.590139219065802
2.5894833674160425
2.588828659988397
2.5881750906505028
2.587522653454608
2.586871342630066
2.5862211525761203
2.585572077855004
2.584924113185314
2.5842772534356664
2.5836314936186096
2.5829868288847875
2.582343254517349
2.5817007659265814
2.5810593586447745
2.580419028321289
2.5797797707178307
2.5791415817039227
2.5785044572525617
2.5778683934360522
2.5772333864220185
2.5765994324695782
2.575966527925667
2.5753346692215278
2.574703852869339
2.5740740754589764
2.5734453336549166
2.572817624193268
2.5721909438789177
2.5715652895828027
2.5709406582392904
2.570317046843667
2.5696944524497383
2.569072872167507
2.568452303160976
2.567832742646017
2.567214187888343
2.566596636201554
2.565980084945272
2.5653645315233446
2.564749973382129
2.564136408008847
2.563523832929998
2.562912245709854
2.562301643948999
2.561692025282945
2.561083387380787
2.5604757279439365
2.55986904470488
2.559263335426016
2.5586585978985155
2.5580548299412476
2.5574520293997405
2.556850194145186
2.556249322073486
2.555649411104342
2.5550504591803715
2.5544524642662743
2.553855424348024
2.5532593374320935
2.552664201544714
2.552070014731169
2.5514767750551055
2.5508844805978876
2.550293129457966
2.5497027197502766
2.549113249605667
2.5485247171703413
2.5479371206053325
2.5473504580859925
2.546764727801505
2.5461799279544195
2.5455960567602007
2.5450131124468025
2.5444310932542495
2.5438499974342483
2.5432698232498034
2.5426905689748556
2.5421122328939325
2.541534813301817
2.540958308503217
2.5403827168124713
2.5398080365532403
2.5392342660582345
2.5386614036689346
2.538089447735333
2.537518396615688
2.5369482486762758
2.5363790022911665
2.5358106558420035
2.535243207717785
2.5346766563146725
2.534111000035781
2.5335462372910027
2.532982366496826
2.5324193860761577
2.5318572944581605
2.5312960900781016
2.530735771377187
2.530176336802423
2.529617784806476
2.5290601138475366
2.52850332238919
2.5279474089002933
2.5273923718548517
2.526838209731912
2.5262849210154465
2.5257325041942464
2.5251809577618287
2.5246302802163307
2.524080470060422
2.5235315258012077
2.52298344595015
2.522436229022986
2.521889873539638
2.521344378024147
2.5207997410045966
2.5202559610130413
2.5197130365854363
2.5191709662615795
2.5186297485850444
2.5180893821031183
2.5175498653667465
2.5170111969304783
2.516473375352412
2.5159363991941386
2.515400267020704
2.5148649774005483
2.5143305289054703
2.513796920110576
2.5132641495942423
2.5127322159380703
2.5122011177268524
2.511670853548529
2.5111414219941532
2.510612821657861
2.510085051136828
2.5095581090312455
2.5090319939442844
2.508506704482066
2.5079822392536366
2.507458596870932
2.506935775948756
2.5064137751047526
2.5058925929593827
2.5053722281358954
2.5048526792603067
2.504333944961382
2.5038160238706046
2.5032989146221647
2.5027826158529276
2.5022671262024243
2.5017524443128303
2.5012385688289402
2.500725498398157
2.5002132316704753
2.49970176729846
2.4991911039372323
2.4986812402444554
2.498172174880316
2.4976639065075146
2.497156433791244
2.4966497553991887
2.496143870001491
2.495638776270759
2.4951344728820413
2.49463095851282
2.4941282318429945
2.4936262915548766
2.4931251363331723
2.492624764864974
2.4921251758397545
2.491626367949347
2.491128339887943
2.4906310903520783
2.490134618040628
2.489638921654792
2.4891439998980873
2.4886498514763433
2.4881564750976892
2.487663869472546
2.4871720333136182
2.486680965335889
2.486190664256607
2.485701128795284
2.4852123576736846
2.48472434961582
2.4842371033479393
2.483750617598524
2.4832648910982806
2.4827799225801357
2.4822957107792245
2.4818122544328913
2.481329552280677
2.4808476030643165
2.4803664055277324
2.4798859584170234
2.4794062604804705
2.478927310468518
2.4784491071337764
2.477971649231013
2.4774949355171496
2.477018964751251
2.4765437356945266
2.4760692471103227