77.75182840969386
75.58564894854493
73.49844517419038
71.48731165041193
69.54944986202916
67.68216428012784
65.88285857209053
64.14903195110116
62.47827565999035
60.86826958447776
59.31677899104989
57.821651384886046
56.380813483415224
54.99226830124822
53.65409234238632
52.364432895758966
51.12150543028745
49.92359108581234
48.769034256356505
47.656240262325866
46.583673108375
45.54985332378479
44.553355882315834
43.59280819861279
42.666888198342555
41.77432245935264
40.91388442123651
40.08439266078804
39.28470923092064
38.51373806071531
37.77042341434818
37.05374840673057
36.362733573774676
35.696435495274464
35.05394546846555
34.43438823039924
33.836920727333826
33.26073092941347
32.70503668896764
32.16908464082604
31.65214914310269
31.153531256959976
30.672557763918128
30.208580219328454
29.76097404067941
29.329137629453733
28.912491525301796
28.510477591342134
28.122558229443392
27.74821562438452
27.386951015830455
27.03828399709961
26.70175183973719
26.376908842944832
26.06332570695156
25.76058892944526
25.46830022421589
25.18607596119305
24.913546627090543
24.650356305899667
24.396162178500713
24.150634040689127
23.913453838938675
23.684315223248838
23.462923116447786
23.248993299345294
23.04225201115233
22.84243556460556
22.649289975255442
22.462570604396888
22.282041815140303
22.10747664113943
21.93865646751036
21.775370723492777
21.61741658642171
21.46459869659315
21.316728882622964
21.173625896912675
21.035115160850427
20.901028519388653
20.771204004653477
20.645485608253466
20.52372306196764
20.40577162650422
20.291491888033303
20.180749562207247
20.073415305393212
19.969364532852584
19.8684772436114
19.770637851775735
19.675735024054866
19.583661523263558
19.49431405758374
19.40759313537328
19.32340292531813
19.24165112173074
19.162248814805753
19.08511036565031
19.01015328591337
18.93729812184468
18.86646834262061
18.79759023277948
18.730592788615525
18.66540761838553
18.601968846187976
18.540213019379465
18.480079019398346
18.421507975870046
18.364443183873416
18.308830024251687
18.25461588685612
18.201750096614273
18.150183842319073
18.099870108038385
18.050763607048946
18.002820718201377
17.955999424627155
17.910259254701103
17.86556122517665
17.82186778641354
17.77914276962143
17.73735133604477
17.696459928017855
17.656436221820986
17.617249082271616
17.57886851898658
17.54126564425384
17.504412632454642
17.468282680978955
17.432849972579227
17.398089639109564
17.363977726599337
17.33049116161209
17.297607718842492
17.26530598990569
17.233565353275285
17.202365945327617
17.171688632451566
17.141514984184848
17.11182724733878
17.0826083210754
17.053841732901677
17.025511615547178
16.99760268469266
16.97010021751825
16.942990032041106
16.916258467213382
16.8898923637527
16.863879045678004
16.83820630252493
16.81286237221568
16.787835924559243
16.76311604535889
16.73869222110446
16.714554324228022
16.690692598902103
16.667097647360603
16.643760416723026
16.620672186303704
16.597824555387895
16.575209431457886
16.552819018852297
16.53064580784271
16.508682564112377
16.486922318621993
16.465358357848547
16.443984214383264
16.42279365787565
16.40178068631074
16.380939517607374
16.36026458152564
16.33975051187217
16.319392138992225
16.29918448253812
16.27912274450379
16.259202302515607
16.23941870337018
16.219767656809964
16.20024502952785
16.180846839392487
16.161569249886046
16.142408564746727
16.123361222808363
16.104423793030012
16.08559296970836
16.066865567866433
16.048238518811885
16.029708865858797
16.011273760206965
15.992930456972704
15.974676311365895
15.956508775007533
15.93842539238292
15.920423797425334
15.902501710225424
15.884656933861713
15.866887351347707
15.849190922691388
15.831565682062907
15.81400973506649
15.796521256112765
15.779098485887753
15.761739728915039
15.744443351207646
15.727207778006301
15.710031491600933
15.69291302923236
15.67585098107121
15.658843988271155
15.641890741093851
15.624989977102842
15.608140479423948
15.591341075069648
15.574590633325156
15.55788806419387
15.541232316900029
15.524622378446464
15.508057272225454
15.491536056680673
15.475057824018382
15.458621698966041
15.442226837576664
15.425872426077058
15.409557679758565
15.393281841908546
15.37704418278121
15.36084399860634
15.344680610634452
15.32855336421712
15.312461627921145
15.296404792675322
15.280382270948556
15.264393495958334
15.248437920908197
15.232515018253364
15.216624278993333
15.200765211990525
15.184937343314012
15.16914021560739
15.1533733874799
15.137636432919958
15.121928940730307
15.10625051398387
15.090600769499728
15.074979337338283
15.059385860315093
15.043819993532493
15.02828140392857
15.012769769842619
14.997284780596678
14.98182613609239
14.96639354642278
14.950986731498244
14.935605420686315
14.920249352464744
14.904918274087258
14.889611941261698
14.874330117839914
14.859072575519166
14.843839093554445
14.828629458481403
14.813443463849483
14.798280909964838
14.783141603642754
14.768025357969176
14.752931992070938
14.737861330894564
14.722813204993118
14.707787450320923
14.692783908035846
14.677802424308858
14.662842850140555
14.64790504118451
14.632988857577054
14.618094163773337
14.603220828389471
14.5883687240504
14.57353772724341
14.558727718177057
14.543938580645225
14.529170201896225
14.514422472506688
14.499695286260136
14.48498854002996
14.47030213366677
14.455635969889824
14.440989954182498
14.426363994691606
14.411758002130357
14.39717188968498
14.382605572924696
14.368058969715067
14.353532000134486
14.339024586393759
14.32453665275866
14.310068125475299
14.295618932698261
14.281189004421389
14.26677827241111
14.252386670142185
14.238014132735882
14.22366059690034
14.20932600087324
14.195010284366449
14.180713388512824
14.166435255814884
14.152175830095423
14.137935056449905
14.123712881200637
14.109509251852625
14.095324117050987
14.081157426540065
14.067009131123921
14.052879182628324
14.038767533864155
14.02467413859213
14.010598951488848
13.996541928114041
13.982503024879088
13.968482199016638
13.954479408551371
13.940494612271834
13.9265277697033
13.912578841081647
13.898647787328171
13.884734570025332
13.870839151393415
13.85696149426802
13.843101562078395
13.82925931882652
13.815434729067075
13.801627757887994
13.787838370891848
13.774066534177855
13.760312214324577
13.746575378373233
13.732855993811643
13.719154028558739
13.705469450949673
13.691802229721457
13.678152333999115
13.664519733282381
13.650904397432841
13.637306296661597
13.623725401517323
13.610161682874823
13.596615111923953
13.583085660159
13.569573299368415
13.556078001624918
13.542599739276007
13.529138484934759
13.515694211471049
13.502266892002977
13.488856499888717
13.475463008718625
13.462086392307576
13.448726624687726
13.435383680101362
13.422057532994156
13.408748158008617
13.395455529977745
13.382179623918976
13.368920415028306
13.355677878674669
13.342451990394494
13.329242725886454
13.316050061006429
13.302873971762645
13.289714434310993
13.276571424950498
13.263444920119008
13.250334896388958
13.237241330463377
13.224164199171959
13.211103479467363
13.198059148421558
13.185031183222371
13.17201956117013
13.15902425967443
13.14604525625103
13.13308252851885
13.12013605419707
13.107205811102386
13.094291777146259
13.08139393033241
13.068512248754265
13.05564671059259
13.042797294113175
13.029963977664579
13.01714673967601
13.004345558655247
12.991560413186642
12.9787912819292
12.966038143614707
12.953300977045977
12.940579761095119
12.927874474701847
12.915185096871935
12.902511606675624
12.889853983246173
12.877212205778402
12.86458625352732
12.851976105806807
12.839381741988303
12.8268031414996
12.814240283823617
12.801693148497295
12.789161715110435
12.77664596330468
12.76414587277244
12.751661423255923
12.739192594546175
12.726739366482168
12.714301718949855
12.701879631881384
12.689473085254212
12.677082059090338
12.664706533455517
12.652346488458516
12.640001904250402
12.627672761023847
12.615359039012457
12.603060718490138
12.590777779770454
12.57851020320605
12.566257969188067
12.55402105814556
12.541799450544989
12.529593126889688
12.517402067719361
12.50522625360959
12.493065665171377
12.4809202830507
12.468790087928046
12.456675060518021
12.444575181568931
12.432490431862378
12.4204207922129
12.408366243467592
12.396326766505753
12.384302342238549
12.372292951608678
12.360298575590042
12.34831919518745
12.336354791436323
12.324405345402386
12.31247083818141
12.300551250898932
12.288646564709985
12.27675676079886
12.264881820378866
12.253021724692069
12.241176455009086
12.229345992628858
12.217530318878435
12.205729415112758
12.193943262714482
12.182171843093757
12.17041513768806
12.15867312796198
12.146945795407104
12.135233121541766
12.123535087910952
12.111851676086081
12.1001828676649
12.088528644271292
12.07688898755516
12.065263879192262
12.053653300884077
12.042057234357694
12.030475661365642
12.018908563685802
12.00735592312126
11.99581772150019
11.984293940675757
11.972784562525982
11.961289568953637
11.949808941886154
11.938342663275499
11.926890715098091
11.915453079354693
11.904029738070317
11.892620673294138
11.881225867099394
11.869845301583297
11.858478958866966
11.84712682109532
11.835788870437012
11.824465089084333
11.81315545925316
11.801859963182851
11.790578583136192
11.779311301399314
11.76805810028163
11.756818962115762
11.745593869257457
11.734382804085563
11.723185749001923
11.712002686431324
11.70083359882145
11.689678468642803
11.678537278388657
11.667410010574981
11.656296647740412
11.645197172446169
11.634111567276017
11.623039814836206
11.611981897755419
11.600937798684718
11.589907500297508
11.578890985289473
11.567888236378517
11.556899236304735
11.545923967830369
11.53496241373974
11.52401455683922
11.51308037995717
11.502159865943927
11.491252997671713
11.480359758034641
11.46948012994864
11.45861409635142
11.447761640202444
11.436922744482867
11.426097392195514
11.415285566364826
11.404487250036826
11.3937024262791
11.382931078180711
11.372173188852212
11.36142874142559
11.35069771905421
11.339980104912803
11.329275882197429
11.318585034125432
11.307907543935398
11.297243394887143
11.286592570261655
11.275955053361077
11.265330827508663
11.254719876048751
11.244122182346716
11.233537729788953
11.222966501782855
11.21240848175673
11.201863653159844
11.191331999462303
11.18081350415511
11.170308150750056
11.159815922779746
11.149336803797532
11.138870777377507
11.128417827114442
11.117977936623808
11.107551089541682
11.097137269524769
11.08673646025035
11.076348645416251
11.065973808740825
11.055611933962908
11.045263004841795
11.034927005157225
11.02460391870934
11.014293729318647
11.00399642082601
10.993711977092602
10.983440381999896
10.973181619449626
10.962935673363761
10.95270252768447
10.942482166374116
10.9322745734152
10.922079732810351
10.911897628582294
10.90172824477383
10.891571565447801
10.881427574687065
10.871296256594468
10.861177595292814
10.851071574924848
10.840978179653233
10.8308973936605
10.82082920114904
10.81077358634108
10.800730533478642
10.79070002682353
10.78068205065731
10.770676589281255
10.760683627016352
10.75070314820326
10.740735137202275
10.730779578393333
10.720836456175952
10.71090575496923
10.700987459211811
10.691081553361851
10.681188021897022
10.671306849314437
10.661438020130676
10.651581518881727
10.641737330122984
10.631905438429204
10.622085828394482
10.612278484632244
10.602483391775202
10.592700534475352
10.582929897403913
10.573171465251345
10.563425222727297
10.553691154560585
10.543969245499177
10.534259480310167
10.52456184377974
10.514876320713157
10.50520289593472
10.495541554287776
10.485892280634658
10.47625505985667
10.466629876854093
10.457016716546107
10.447415563870813
10.43782640378519
10.42824922126507
10.418684001305122
10.409130728918813
10.39958938913841
10.390059967014928
10.380542447618122
10.371036816036469
10.36154305737712
10.3520611567659
10.342591099347281
10.333132870284343
10.323686454758771
10.314251837970811
10.304829005139274
10.295417941501476
10.286018632313244
10.276631062848882
10.267255218401152
10.257891084281233
10.248538645818735
10.239197888361637
10.229868797276284
10.220551357947347
10.21124555577784
10.201951376189042
10.192668804620519
10.183397826530072
10.174138427393729
10.164890592705724
10.155654307978457
10.146429558742495
10.137216330546524
10.128014608957354
10.118824379559864
10.109645627957004
10.10047833976977
10.091322500637165
10.082178096216202
10.073045112181852
10.063923534227046
10.054813348062629
10.045714539417364
10.036627094037897
10.027550997688726
10.018486236152187
10.009432795228435
10.00039066073542
9.991359818508855
9.982340254402205
9.973331954286662
9.964334904051121
9.955349089602159
9.946374496864001
9.937411111778525
9.92845892030522
9.919517908421156
9.910588062120992
9.90166936741692
9.892761810338662
9.883865376933446
9.874980053265986
9.866105825418458
9.857242679490465
9.848390601599034
9.83954957787859
9.830719594480925
9.821900637575188
9.813092693347858
9.804295748002712
9.795509787760823
9.78673479886052
9.777970767557388
9.76921768012422
9.760475522851017
9.751744282044944
9.743023944030343
9.734314495148679
9.725615921758534
9.716928210235578
9.708251346972549
9.699585318379244
9.690930110882485
9.68228571092609
9.673652104970877
9.665029279494615
9.656417220992024
9.647815915974743
9.639225350971307
9.63064551252714
9.622076387204517
9.61351796158254
9.604970222257142
9.596433155841044
9.587906748963746
9.57939098827149
9.570885860427255
9.562391352110728
9.55390745001829
9.545434140862985
9.536971411374514
9.528519248299189
9.520077638399943
9.511646568456285
9.503226025264292
9.494815995636587
9.486416466402307
9.478027424407104
9.469648856513096
9.461280749598867
9.45292309055946
9.444575866306307
9.436239063767255
9.427912669886533
9.419596671624719
9.411291055958733
9.402995809881812
9.39471092040348
9.386436374549557
9.378172159362103
9.369918261899413
9.361674669236002
9.35344136846258
9.34521834668603
9.337005591029387
9.328803088631828
9.320610826648634
9.312428792251177
9.304256972626911
9.296095354979343
9.28794392652801
9.27980267450845
9.27167158617222
9.26355064878683
9.25543984963574
9.247339176018363
9.239248615250009
9.231168154661882
9.223097781601057
9.215037483430471
9.206987247528893
9.198947061290891
9.190916912126847
9.182896787462903
9.174886674740959
9.166886561418648
9.158896434969323
9.150916282882022
9.142946092661463
9.134985851828029
9.127035547917716
9.119095168482161
9.111164701088585
9.103244133319786
9.095333452774124
9.087432647065496
9.079541703823304
9.07166061069248
9.063789355333414
9.05592792542195
9.048076308649387
9.040234492722451
9.032402465363255
9.024580214309301
9.016767727313452
9.008964992143932
9.001171996584263
8.993388728433295
8.985615175505155
8.977851325629244
8.970097166650199
8.962352686427904
8.954617872837446
8.946892713769099
8.939177197128313
8.931471310835686
8.923775042826968
8.916088381053004
8.908411313479744
8.900743828088217
8.893085912874511
8.88543755584975
8.877798745040081
8.870169468486655
8.862549714245596
8.854939470388013
8.847338724999938
8.839747466182349
8.832165682051127
8.824593360737031
8.817030490385706
8.80947705915764
8.801933055228163
8.794398466787413
8.786873282040329
8.779357489206626
8.771851076520777
8.764354032232008
8.756866344604246
8.749388001916147
8.741918992461025
8.73445930454689
8.727008926496383
8.71956784664678
8.712136053349973
8.704713534972436
8.697300279895241
8.689896276513993
8.682501513238849
8.675115978494494
8.667739660720098
8.660372548369327
8.653014629910315
8.645665893825637
8.638326328612303
8.630995922781732
8.623674664859749
8.616362543386535
8.609059546916646
8.601765664018963
8.594480883276713
8.5872051932874
8.579938582662834
8.572681040029078
8.565432554026462
8.558193113309535
8.550962706547065
8.543741322422028
8.536528949631553
8.529325576886956
8.522131192913687
8.514945786451328
8.507769346253552
8.500601861088143
8.49344331973694
8.48629371099586
8.479153023674835
8.472021246597832
8.464898368602809
8.457784378541712
8.450679265280467
8.44358301769894
8.436495624690929
8.42941707516414
8.422347358040199
8.415286462254581
8.408234376756658
8.40119109050962
8.394156592490498
8.387130871690129
8.380113917113155
8.373105717777971
8.366106262716757
8.359115540975413
8.352133541613586
8.345160253704599
8.3381956663355
8.33123976860699
8.32429254963342
8.317353998542801
8.310424104476743
8.303502856590484
8.296590244052824
8.289686256046153
8.282790881766406
8.275904110423058
8.269025931239103
8.262156333451031
8.255295306308827
8.248442839075942
8.241598921029274
8.234763541459166
8.22793668966937
8.22111835497704
8.21430852671272
8.207507194220318
8.200714346857096
8.193929973993647
8.187154065013884
8.180386609315024
8.17362759630756
8.166877015415254
8.160134856075134
8.153401107737439
8.146675759865646
8.139958801936423
8.133250223439621
8.126550013878267
8.119858162768539
8.11317465963974
8.106499494034303
8.099832655507758
8.093174133628725
8.08652391797889
8.07988199815299
8.073248363758807
8.066623004417139
8.060005909761779
8.053397069439528
8.046796473110138
8.04020411044633
8.033619971133762
8.027044044871008
8.02047632136956
8.01391679035379
8.007365441560946
8.00082226474114
7.994287249657322
7.987760386085271
7.981241663813572
7.974731072643607
7.9682286023895355
7.96173424287828
7.955247983949504
7.948769815455604
7.942299727261695
7.935837709245583
7.929383751297759
7.9229378433213835
7.916499975232265
7.910070136958839
7.903648318442177
7.897234509635935
7.890828700506367
7.884430881032296
7.8780410412051
7.8716591710287
7.865285260519533
7.858919299706553
7.852561278631206
7.846211187347411
7.83986901592155
7.833534754432449
7.827208392971372
7.8208899216419905
7.814579330560376
7.808276609854981
7.801981749666639
7.79569474014852
7.789415571466142
7.783144233797341
7.776880717332254
7.770625012273321
7.7643771088352525
7.7581369972450025
7.751904667741803
7.745680110577084
7.739463316014508
7.733254274329929
7.727052975811386
7.720859410759089
7.714673569485393
7.708495442314798
7.7023250195839275
7.696162291641507
7.690007248848354
7.6838598815773675
7.677720180213511
7.671588135153783
7.665463736807228
7.659346975594891
7.653237841949834
7.6471363263170975
7.641042419153693
7.634956110928597
7.628877392122713
7.62280625322888
7.616742684751851
7.610686677208272
7.604638221126672
7.5985973070474415
7.5925639255228345
7.586538067116925
7.580519722405629
7.574508881976658
7.568505536429515
7.562509676375492
7.55652129243763
7.550540375250726
7.544566915461314
7.538600903727642
7.532642330719662
7.5266911871190185
7.520747463619031
7.5148111509246736
7.508882239752577
7.502960720830991
7.497046584899791
7.491139822710456
7.4852404250260385
7.479348382621178
7.473463686282069
7.467586326806452
7.461716295003588
7.455853581694264
7.4499981777107624
7.444150073896852
7.438309261107774
7.432475730210226
7.42664947208235
7.420830477613722
7.415018737705322
7.409214243269538
7.403416985230143
7.397626954522277
7.3918441420924434
7.386068538898486
7.380300135909576
7.374538924106203
7.368784894480155
7.363038038034506
7.3572983457836045
7.351565808753056
7.345840417979707
7.340122164511641
7.334411039408151
7.328707033739735
7.323010138588077
7.317320345046038
7.311637644217637
7.305962027218034
7.300293485173535
7.294632009221542
7.2889775905105845
7.283330220200266
7.2776898894612705
7.272056589475349
7.266430311435291
7.260811046544934
7.255198786019124
7.249593521083719
7.243995242975572
7.238403942942514
7.232819612243338
7.227242242147796
7.221671823936572
7.216108348901278
7.210551808344435
7.205002193579463
7.199459495930661
7.193923706733204
7.188394817333121
7.18287281908728
7.177357703363385
7.1718494615399475
7.1663480850062875
7.160853565162509
7.155365893419496
7.149885061198888
7.1444110599330735
7.13894388106518
7.133483516049051
7.1280299563492395
7.122583193440997
7.117143218810244
7.111710023953581
7.106283600378253
7.100863939602154
7.0954510331537985
7.0900448725723155
7.084645449407443
7.079252755219494
7.073866781579364
7.068487520068508
7.063114962278927
7.0577490998131545
7.052389924284255
7.047037427315789
7.041691600541818
7.036352435606885
7.031019924165997
7.0256940578846265
7.020374828438679
7.015062227514489
7.009756246808816
7.004456878028815
6.9991641128920365
6.993877943126406
6.988598360470204
6.983325356672078
6.978058923491007
6.972799052696289
6.967545736067547
6.962298965394689
6.957058732477922
6.951825029127721
6.946597847164815
6.941377178420198
6.936163014735082
6.930955347960911
6.925754169959332
6.920559472602201
6.915371247771538
6.910189487359549
6.905014183268595
6.899845327411182
6.894682911709949
6.889526928097655
6.884377368517166
6.87923422492144
6.8740974892735265
6.868967153546532
6.863843209723634
6.858725649798042
6.853614465773003
6.8485096496617786
6.843411193487647
6.83831908928387
6.833233329093698
6.828153904970345
6.823080808976986
6.818014033186738
6.81295356968265
6.807899410557687
6.802851547914732
6.797809973866546
6.792774680535784
6.787745660054966
6.78272290456647
6.777706406222518
6.77269615718517
6.767692149626296
6.762694375727583
6.757702827680511
6.752717497686339
6.747738377956103
6.742765460710596
6.7377987381803575
6.732838202605656
6.727883846236493
6.722935661332573
6.717993640163298
6.71305777500776
6.70812805815472
6.7032044819026035
6.6982870385594815
6.693375720443068
6.688470519880699
6.683571429209322
6.678678440775492
6.673791546935341
6.668910740054593
6.664036012508525
6.659167356681974
6.654304764969315
6.649448229774452
6.644597743510809
6.639753298601311
6.634914887478382
6.630082502583918
6.625256136369299
6.62043578129535
6.615621429832346
6.610813074459997
6.606010707667435
6.6012143219532025
6.596423909825238
6.591639463800873
6.586860976406804
6.582088440179105
6.57732184766319
6.572561191413811
6.567806463995064
6.56305765798034
6.558314765952354
6.553577780503104
6.548846694233872
6.544121499755208
6.5394021896869265
6.534688756658074
6.529981193306956
6.525279492281075
6.520583646237167
6.515893647841154
6.511209489768155
6.506531164702463
6.501858665337541
6.497191984375997
6.492531114529594
6.48787604851922
6.483226779074878
6.478583298935691
6.473945600849872
6.469313677574721
6.464687521876612
6.460067126530986
6.455452484322329
6.45084358804417
6.446240430499071
6.441643004498609
6.437051302863363
6.432465318422914
6.427885044015823
6.423310472489626
6.4187415967008175
6.414178409514843
6.409620903806091
6.405069072457868
6.400522908362408
6.395982404420847
6.391447553543211
6.38691834864841
6.382394782664231
6.377876848527321
6.373364539183169
6.368857847586112
6.364356766699306
6.3598612894947335
6.355371408953174
6.350887118064204
6.346408409826185
6.341935277246252
6.337467713340294
6.333005711132959
6.328549263657632
6.3240983639564226
6.319653005080164
6.315213180088389
6.310778882049335
6.306350104039913
6.301926839145721
6.297509080461007
6.293096821088684
6.2886900541402975
6.284288772736023
6.2798929700046635
6.275502639083625
6.271117773118911
6.266738365265118
6.262364408685412
6.257995896551533
6.253632822043767
6.249275178350952
6.244922958670457
6.240576156208173
6.2362347641785005
6.2318987758043525
6.227568184317123
6.22324298295669
6.218923164971397
6.214608723618057
6.210299652161921
6.2059959438766805
6.20169759204446
6.197404589955795
6.19311693090963
6.188834608213302
6.184557615182539
6.1802859451414385
6.176019591422466
6.171758547366434
6.167502806322507
6.163252361648181
6.159007206709271
6.154767334879901
6.150532739542504
6.146303414087804
6.142079351914796
6.1378605464307565
6.133646991051215
6.129438679199958
6.125235604309003
6.121037759818602
6.116845139177222
6.112657735841541
6.108475543276437
6.104298554954973
6.10012676435839
6.095960164976096
6.091798750305655
6.087642513852782
6.0834914491313254
6.079345549663263
6.075204808978683
6.07106922061579
6.066938778120874
6.062813475048315
6.058693304960571
6.054578261428164
6.050468338029668
6.046363528351711
6.042263825988946
6.03816922454406
6.034079717627748
6.029995298858718
6.025915961863664
6.0218417002772755
6.017772507742206
6.013708377909083
6.009649304436485
6.005595280990938
6.001546301246901
5.997502358886758
5.993463447600812
5.989429561087266
5.985400693052224
5.981376837209671
5.977357987281474
5.973344136997355
5.969335280094907
5.965331410319557
5.96133252142457
5.957338607171046
5.95334966132789
5.949365677671824
5.945386649987361
5.941412572066799
5.937443437710226
5.933479240725485
5.929519974928187
5.925565634141681
5.921616212197063
5.917671702933154
5.913732100196496
5.909797397841339
5.905867589729637
5.9019426697310315
5.898022631722844
5.894107469590069
5.890197177225359
5.886291748529025
5.882391177409016
5.878495457780912
5.874604583567917
5.870718548700853
5.866837347118143
5.862960972765805
5.859089419597439
5.855222681574225
5.851360752664907
5.847503626845787
5.84365129810071
5.839803760421067
5.835961007805769
5.832123034261245
5.828289833801441
5.824461400447803
5.820637728229258
5.81681881118222
5.813004643350574
5.80919521878567
5.805390531546309
5.801590575698736
5.79779534531663
5.794004834481095
5.790219037280652
5.786437947811223
5.7826615601761375
5.778889868486107
5.775122866859219
5.771360549420934
5.767602910304074
5.763849943648811
5.760101643602655
5.756358004320455
5.752619019964377
5.7488846847039055
5.74515499271583
5.741429938184234
5.737709515300489
5.733993718263244
5.730282541278414
5.726575978559178
5.722874024325962
5.719176672806433
5.715483918235496
5.711795754855268
5.708112176915092
5.704433178671509
5.700758754388257
5.697088898336262
5.693423604793628
5.689762868045625
5.6861066823846915
5.682455042110404
5.678807941529493
5.675165374955815
5.671527336710357
5.667893821121209
5.664264822523583
5.660640335259776
5.6570203536791865
5.653404872138274
5.6497938850005855
5.646187386636722
5.642585371424344
5.638987833748146
5.635394767999866
5.631806168578268
5.628222029889131
5.624642346345241
5.621067112366394
5.617496322379363
5.613929970817917
5.610368052122791
5.60681056074169
5.60325749112927
5.599708837747141
5.596164595063845
5.592624757554862
5.589089319702591
5.585558275996337
5.582031620932323
5.578509349013657
5.574991454750334
5.571477932659234
5.567968777264105
5.564463983095552
5.560963544691034
5.557467456594859
5.553975713358165
5.550488309538916
5.547005239701905
5.543526498418717
5.540052080267754
5.536581979834202
5.533116191710037
5.529654710494005
5.526197530791622
5.522744647215165
5.5192960543836564
5.515851746922864
5.512411719465291
5.508975966650157
5.505544483123409
5.502117263537695
5.498694302552363
5.495275594833454
5.491861135053693
5.488450917892479
5.485044938035874
5.481643190176604
5.478245669014037
5.474852369254191
5.471463285609706
5.468078412799854
5.4646977455505255
5.46132127859421
5.457949006670005
5.454580924523597
5.45121702690725
5.447857308579814
5.444501764306693
5.4411503888598585
5.437803177017832
5.434460123565671
5.431121223294973
5.427786471003856
5.424455861496958
5.421129389585427
5.417807050086913
5.414488837825552
5.411174747631978
5.407864774343285
5.404558912803049
5.401257157861301
5.397959504374527
5.394665947205656
5.3913764812240474
5.388091101305499
5.384809802332224
5.3815325791928466
5.378259426782396
5.374990340002296
5.3717253137603596
5.368464342970785
5.365207422554133
5.361954547437334
5.3587057125536735
5.3554609128427835
5.352220143250642
5.348983398729551
5.345750674238141
5.34252196474136
5.339297265210463
5.336076570623002
5.332859875962828
5.329647176220073
5.326438466391144
5.323233741478726
5.3200329964917525
5.31683622644542
5.313643426361166
5.310454591266667
5.307269716195828
5.304088796188777
5.300911826291856
5.297738801557618
5.294569717044805
5.291404567818356
5.288243348949395
5.285086055515218
5.281932682599286
5.278783225291229
5.275637678686819
5.272496037887978
5.269358298002766
5.2662244541453695
5.263094501436097
5.259968435001367
5.256846249973713
5.253727941491757
5.250613504700221
5.247502934749902
5.244396226797679
5.241293376006497
5.238194377545358
5.235099226589321
5.232007918319485
5.228920447922997
5.225836810593022
5.222757001528755
5.219681015935401
5.216608849024178
5.213540496012299
5.210475952122973
5.20741521258539
5.204358272634719
5.201305127512104
5.1982557724646385
5.195210202745386
5.192168413613349
5.18913040033347
5.186096158176627
5.183065682419621
5.18003896834517
5.177016011241907
5.173996806404361
5.17098134913296
5.167969634734026
5.164961658519747
5.1619574158082004
5.158956901923316
5.155960112194896
5.152967041958579
5.149977686555859
5.146992041334066
5.14401010164635
5.141031862851689
5.13805732031488
5.135086469406519
5.132119305503012
5.1291558239865465
5.126196020245103
5.123239889672444
5.120287427668091
5.11733862963734
5.114393490991237
5.111452007146586
5.108514173525925
5.105579985557528
5.1026494386754
5.099722528319271
5.0967992499345725
5.0938795989724515
5.090963570889748
5.088051161149006
5.085142365218442
5.0822371785719564
5.0793355966891145
5.076437615055156
5.073543229160965
5.0706524345030815
5.067765226583692
5.064881600910608
5.062001552997278
5.059125078362768
5.056252172531756
5.05338283103453
5.0505170494069835
5.047654823190591
5.044796147932422
5.041941019185123
5.03908943250691
5.036241383461567
5.033396867618437
5.03055588055241
5.027718417843926
5.024884475078954
5.022054047849003
5.019227131751096
5.016403722387784
5.013583815367117
5.010767406302648
5.007954490813433
5.005145064524013
5.00233912306441
4.999536662070123
4.996737677182118
4.993942164046823
4.991150118316121
4.988361535647342
4.9855764117032555
4.982794742152068
4.980016522667413
4.977241748928344
4.974470416619325
4.97170252143023
4.9689380590563355
4.966177025198309
4.9634194155622
4.960665225859446
4.957914451806852
4.955167089126592
4.9524231335461995
4.949682580798558
4.9469454266219035
4.944211666759805
4.941481296961167
4.938754312980222
4.936030710576519
4.933310485514921
4.930593633565599
4.927880150504022
4.925170032110948
4.922463274172428
4.9197598724797915
4.917059822829633
4.914363121023827
4.911669762869497
4.908979744179023
4.906293060770033
4.903609708465393
4.900929683093203
4.898252980486794
4.895579596484709
4.892909526930714
4.890242767673776
4.8875793145680655
4.884919163472945
4.882262310252968
4.8796087507778685
4.876958480922554
4.874311496567102
4.871667793596747
4.869027367901887
4.86639021537806
4.863756331925957
4.861125713451397
4.8584983558653265
4.855874255083822
4.853253407028076
4.850635807624388
4.84802145280416
4.845410338503899
4.842802460665196
4.840197815234728
4.837596398164253
4.834998205410601
4.832403232935663
4.8298114767063955
4.827222932694807
4.824637596877946
4.822055465237907
4.819476533761818
4.816900798441839
4.814328255275141
4.811758900263917
4.80919272941537
4.8066297387417025
4.804069924260111
4.801513281992791
4.798959807966913
4.796409498214624
4.793862348773053
4.791318355684283
4.788777514995363
4.786239822758289
4.78370527503001
4.781173867872407
4.778645597352301
4.776120459541444
4.773598450516499
4.771079566359051
4.768563803155599
4.766051156997537
4.763541623981159
4.761035200207653
4.758531881783086
4.756031664818408
4.753534545429439
4.751040519736869
4.748549583866247
4.746061733947971
4.743576966117294
4.7410952765143115
4.738616661283949
4.736141116575967
4.733668638544946
4.7311992233502895
4.728732867156207
4.726269566131723
4.723809316450648
4.7213521142916
4.718897955837977
4.7164468372779575
4.713998754804507
4.711553704615343
4.709111682912963
4.706672685904615
4.704236709802301
4.701803750822761
4.699373805187491
4.696946869122708
4.694522938859361
4.692102010633123
4.689684080684379
4.68726914525823
4.684857200604477
4.682448242977622
4.680042268636856
4.677639273846062
4.675239254873805
4.672842207993319
4.670448129482506
4.668057015623944
4.6656688627048535
4.663283667017116
4.660901424857253
4.658522132526435
4.656145786330456
4.653772382579743
4.651401917589352
4.649034387678943
4.6466697891727975
4.644308118399798
4.6419493716934275
4.639593545391763
4.637240635837469
4.634890639377793
4.632543552364554
4.630199371154152
4.627858092107543
4.6255197115902424
4.62318422597233
4.62085163162842
4.618521924937678
4.616195102283799
4.613871160055016
4.611550094644083
4.609231902448274
4.606916579869376
4.604604123313688
4.602294529192006
4.5999877939196265
4.597683913916339
4.595382885606412
4.5930847054186
4.590789369786131
4.5884968751467
4.586207217942466
4.583920394620044
4.581636401630504
4.5793552354293645
4.577076892476577
4.574801369236533
4.572528662178056
4.570258767774386
4.567991682503194
4.56572740284655
4.563465925290942
4.561207246327257
4.5589513624507765
4.556698270161178
4.554447965962517
4.552200446363234
4.549955707876144
4.547713747018432
4.545474560311642
4.5432381442816805
4.541004495458805
4.538773610377623
4.536545485577077
4.534320117600451
4.532097502995361
4.529877638313745
4.527660520111862
4.525446144950289
4.523234509393906
4.521025610011903
4.518819443377763
4.516616006069266
4.514415294668479
4.51221730576175
4.510022035939703
4.507829481797238
4.5056396399335155
4.503452506951963
4.501268079460259
4.499086354070333
4.496907327398358
4.494730996064755
4.492557356694166
4.490386405915472
4.488218140361774
4.4860525566703915
4.4838896514828575
4.481729421444913
4.4795718632065
4.477416973421758
4.475264748749024
4.473115185850813
4.470968281393827
4.4688240320489445
4.466682434491212
4.464543485399841
4.462407181458211
4.460273519353846
4.4581424957784295
4.456014107427786
4.453888351001881
4.451765223204811
4.449644720744809
4.4475268403342225
4.445411578689525
4.443298932531309
4.441188898584259
4.43908147357718
4.436976654242966
4.434874437318607
4.432774819545182
4.430677797667855
4.428583368435861
4.426491528602511
4.424402274925189
4.4223156041653375
4.420231513088455
4.4181499984640915
4.416071057065851
4.4139946856713745
4.411920881062343
4.409849640024467
4.407780959347483
4.405714835825154
4.40365126625526
4.401590247439588
4.399531776183936
4.397475849298105
4.39542246359589
4.393371615895077
4.391323303017444
4.389277521788748
4.387234269038721
4.385193541601071
4.383155336313469
4.381119650017553
4.37908647955891
4.37705582178709
4.37502767355558
4.373002031721814
4.370978893147169
4.36895825469694
4.366940113240365
4.364924465650592
4.362911308804696
4.360900639583657
4.358892454872368
4.3568867515596255
4.354883526538116
4.352882776704432
4.350884498959041
4.3488886902063015
4.346895347354452
4.344904467315598
4.342916047005721
4.340930083344658
4.338946573256114
4.336965513667645
4.3349869015106535
4.333010733720387
4.331037007235937
4.32906571900023
4.327096865960015
4.325130445065874
4.323166453272207
4.321204887537231
4.319245744822973
4.317289022095265
4.315334716323742
4.3133828244818355
4.311433343546771
4.309486270499558
4.307541602324987
4.305599336011633
4.303659468551836
4.30172199694171
4.29978691818113
4.2978542292737325
4.295923927226903
4.2939960090517815
4.2920704717632505
4.290147312379933
4.288226527924184
4.286308115422099
4.2843920719034845
4.282478394401883
4.280567079954543
4.278658125602432
4.276751528390218
4.274847285366281
4.272945393582688
4.27104585009521
4.269148651963302
4.2672537962501
4.265361280022423
4.2634711003507695
4.261583254309297
4.25969773897584
4.257814551431884
4.255933688762582
4.254055148056735
4.25217892640678
4.250305020908817
4.248433428662568
4.2465641467714015
4.244697172342299
4.242832502485883
4.240970134316388
4.239110064951662
4.23725229151317
4.235396811125981
4.233543620918762
4.231692718023786
4.229844099576909
4.227997762717585
4.226153704588844
4.224311922337302
4.222472413113144
4.2206351740701304
4.218800202365583
4.21696749516039
4.215137049618992
4.213308862909388
4.211482932203119
4.209659254675276
4.20783782750448
4.2060186478729005
4.204201712966223
4.202387019973671
4.200574566087978
4.198764348505404
4.196956364425721
4.195150611052206
4.193347085591641
4.191545785254305
4.189746707253978
4.187949848807924
4.186155207136902
4.184362779465145
4.18257256302037
4.180784555033762
4.178998752739978
4.177215153377137
4.175433754186823
4.17365455241407
4.171877545307374
4.170102730118662
4.168330104103321
4.1665596645201655
4.164791408631448
4.16302533370285
4.161261437003484
4.159499715805875
4.157740167385972
4.155982789023136
4.154227578000134
4.152474531603139
4.150723647121724
4.148974921848859
4.147228353080904
4.145483938117609
4.143741674262101
4.142001558820892
4.140263589103866
4.13852776242428
4.136794076098752
4.135062527447268
4.133333113793165
4.1316058324631415
4.129880680787239
4.128157656098849
4.126436755734698
4.124717977034853
4.123001317342716
4.121286774005013
4.119574344371795
4.117864025796434
4.11615581563562
4.114449711249352
4.112745710000936
4.111043809256982
4.109344006387406
4.107646298765405
4.10595068376748
4.1042571587734145
4.102565721166274
4.100876368332402
4.099189097661421
4.0975039065462155
4.095820792382949
4.094139752571038
4.0924607845131575
4.090783885615238
4.089109053286464
4.087436284939259
4.085765577989296
4.084096929855479
4.082430337959949
4.08076579972808
4.079103312588464
4.077442873972921
4.0757844813164885
4.074128132057411
4.07247382363715
4.070821553500369
4.069171319094937
4.067523117871913
4.065876947285558
4.0642328047933125
4.062590687855816
4.060950593936879
4.0593125205034895
4.057676465025816
4.056042424977192
4.054410397834115
4.052780381076249
4.051152372186412
4.04952636865058
4.047902367957871
4.046280367600556
4.044660365074046
4.043042357876888
4.041426343510765
4.039812319480489
4.038200283294001
4.03659023246236
4.034982164499747
4.033376076923453
4.031771967253884
4.030169833014551
4.02856967173207
4.026971480936149
4.025375258159598
4.023781000938317
4.02218870681129
4.020598373320587
4.019009998011357
4.017423578431822
4.015839112133284
4.014256596670103
4.0126760295997075
4.011097408482586
4.009520730882284
4.007945994365401
4.006373196501579
4.004802334863512
4.003233407026934
4.001666410570611
4.0001013430763495
3.9985382021289797
3.996976985316362
3.995417690229378
3.993860314461926
3.9923048556109206
3.990751311276285
3.9891996790609534
3.9876499565708605
3.9861021414149382
3.984556231205118
3.983012223556325
3.981470116086466
3.979929906416435
3.9783915921701105
3.9768551709743454
3.975320640458963
3.9737879982567614
3.9722572420034994
3.970728369337902
3.96920137790165
3.9676762653393816
3.9661530292986815
3.964631667430087
3.963112177387075
3.9615945568260647
3.960078803406409
3.9585649147903976
3.9570528886432443
3.955542722633091
3.9540344144310002
3.9525279617109534
3.9510233621498454
3.949520613427481
3.9480197132265724
3.946520659232734
3.945023449134484
3.9435280806232322
3.942034551393281
3.940542859141824
3.9390530015689387
3.937564976377584
3.9360787812735993
3.9345944139656925
3.933111872165446
3.9316311535873116
3.9301522559485993
3.9286751769694837
3.927199914372992
3.9257264658850075
3.9242548292342616
3.9227850021523283
3.9213169823736296
3.9198507676354186
3.918386355677791
3.9169237442436695
3.9154629310788054
3.9140039139317717
3.9125466905539685
3.9110912586996087
3.909637616125718
3.908185760592136
3.9067356898615047
3.9052874016992734
3.903840893873688
3.902396164155792
3.90095321031942
3.899512030141198
3.8980726214005377
3.896634981879629
3.8951991093634453
3.8937650016397307
3.8923326564990046
3.890902071734555
3.8894732451424305
3.8880461745214436
3.8866208576731665
3.8851972924019216
3.883775476514785
3.8823554078215787
3.8809370841348714
3.8795205032699696
3.8781056630449187
3.8766925612804957
3.8752811958002127
3.873871564430301
3.8724636649997217
3.8710574953401546
3.869653053285993
3.8682503366743477
3.866849343345038
3.8654500711405873
3.8640525179062264
3.862656681489883
3.8612625597421792
3.8598701505164326
3.858479451668652
3.8570904610575294
3.8557031765444405
3.8543175959934386
3.852933717271258
3.8515515382473007
3.8501710567936427
3.848792270785019
3.8474151780988346
3.8460397766151493
3.8446660642166828
3.843294038788803
3.84192369821953
3.8405550403995297
3.8391880632221116
3.837822764583221
3.836459142381443
3.8350971945179957
3.8337369188967227
3.832378313424099
3.8310213760092164
3.8296661045637936
3.8283124970021594
3.8269605512412594
3.8256102652006487
3.8242616368024875
3.8229146639715386
3.8215693446351695
3.820225676723337
3.818883658168597
3.817543286906094
3.8162045608735613
3.814867478011313
3.813532036262244
3.8121982335718307
3.8108660678881154
3.8095355371617203
3.8082066393458325
3.8068793723961982
3.8055537342711303
3.8042297229315
3.8029073363407293
3.8015865724647933
3.8002674292722194
3.7989499047340716
3.797633996823967
3.7963197035180523
3.795007022795015
3.7936959526360714
3.7923864910249705
3.7910786359479864
3.789772385393914
3.7884677373540714
3.78716468982229
3.7858632407949173
3.7845633882708087
3.7832651302513303
3.7819684647403493
3.780673389744234
3.7793799032718507
3.7780880033345645
3.7767976879462237
3.7755089551231715
3.774221802884233
3.7729362292507194
3.7716522322464177
3.7703698098975895
3.769088960232974
3.7678096812837762
3.76653197108367
3.7652558276687915
3.763981249077738
3.7627082333515625
3.7614367785337754
3.760166882670336
3.7588985438096527
3.757631760002577
3.7563665293024067
3.7551028497648753
3.753840719448152
3.7525801364128406
3.751321098721975
3.7500636044410123
3.7488076516378372
3.7475532383827543
3.7463003627484857
3.7450490228101656
3.743799216645344
3.742550942333977
3.7413041979584274
3.7400589816034575
3.738815291356234
3.7375731253063176
3.7363324815456607
3.7350933581686117
3.7338557532718997
3.7326196649546435
3.73138509131834
3.7301520304668676
3.728920480506479
3.7276904395458006
3.726461905695825
3.725234877069916
3.7240093517837978
3.722785327955558
3.7215628037056394
3.7203417771568406
3.719122246434313
3.717904209665558
3.716687664980417
3.715472610511081
3.7142590443920813
3.713046964760281
3.711836369754881
3.7106272575174146
3.70941962619174
3.7082134739240424
3.7070087988628324
3.705805599158938
3.704603872965501
3.703403618437981
3.7022048337341493
3.701007517014083
3.6998116664401635
3.698617280177077
3.69742435639181
3.696232893253639
3.695042888934142
3.6938543416071834
3.6926672494489177
3.691481610637782
3.6902974233544983
3.6891146857820645
3.68793339610576
3.6867535525131316
3.6855751531940033
3.684398196340462
3.683222680146862
3.6820486028098203
3.6808759625282117
3.6797047575031674
3.678534985938074
3.677366646038569
3.676199736012536
3.6750342540701055
3.6738701984236504
3.6727075672877825
3.6715463588793527
3.670386571417441
3.669228203123366
3.668071252220668
3.666915716935116
3.6657615954947014
3.664608886129636
3.6634575870723487
3.6623076965574843
3.6611592128218957
3.6600121341046483
3.6588664586470134
3.657722184692464
3.6565793104866717
3.655437834277514
3.6542977543150577
3.653159068851559
3.652021776141475
3.650885874441436
3.6497513620102655
3.648618237108966
3.647486498000717
3.646356142950878
3.645227170226979
3.644099578098722
3.6429733648379723
3.641848528718769
3.6407250680173044
3.639602981011938
3.6384822659831797
3.6373629212136995
3.6362449449883147
3.635128335593995
3.634013091319852
3.632899210457148
3.631786691299276
3.630675532141776
3.6295657312823177
3.6284572870207104
3.627350197658883
3.6262444615009044
3.625140076852956
3.6240370420233528
3.6229353553225185
3.621835015063003
3.6207360195594624
3.6196383671286707
3.618542056089508
3.61744708476296
3.6163534514721163
3.615261154542169
3.6141701923004073
3.6130805630762146
3.611992265201071
3.610905297008543
3.609819656834289
3.6087353430160483
3.6076523538936467
3.606570687808988
3.6054903431060525
3.6044113181308983
3.6033336112316525
3.602257220758514
3.6011821450637465
3.600108382501679
3.599035931428705
3.5979647902032723
3.59689495718589
3.5958264307391183
3.594759209227569
3.593693291017905
3.5926286744788345
3.591565357981106
3.590503339897517
3.5894426186028956
3.5883831924741125
3.587325059890064
3.586268219231687
3.5852126688819403
3.584158407225812
3.5831054326503113
3.5820537435444675
3.5810033382993334
3.579954215307971
3.57890637296546
3.5778598096688903
3.576814523817358
3.5757705138119666
3.5747277780558204
3.5736863149540303
3.572646122913699
3.571607200343926
3.5705695456558075
3.569533157262428
3.5684980335788614
3.5674641730221643
3.5664315740113777
3.565400234967527
3.56437015431361
3.5633413304746067
3.5623137618774643
3.5612874469511056
3.5602623841264167
3.5592385718362545
3.5582160085154366
3.5571946926007434
3.5561746225309108
3.555155796746634
3.55413821369056
3.5531218718072886
3.552106769543366
3.5510929053472844
3.550080277669485
3.5490688849623435
3.548058725680178
3.547049798279244
3.5460421012177274
3.5450356329557517
3.5440303919553635
3.5430263766805408
3.542023585597182
3.541022017173112
3.5400216698780724
3.5390225421837216
3.5380246325636353
3.5370279394932993
3.5360324614501106
3.535038196913373
3.5340451443642977
3.533053302285994
3.532062669163475
3.5310732434836547
3.530085023735337
3.529098008409224
3.528112195997903
3.5271275849958563
3.52614417389945
3.5251619612069303
3.5241809454184327
3.523201125035962
3.5222224985634085
3.521245064506534
3.520268821372968
3.519293767672218
3.5183199019156524
3.517347222616508
3.51637572828988
3.515405417452729
3.514436288623873
3.513468340323983
3.5125015710755836
3.5115359794030536
3.510571563832618
3.5096083228923476
3.5086462551121604
3.507685359023814
3.506725633160906
3.5057670760588695
3.504809686254974
3.5038534622883257
3.5028984026998518
3.5019445060323156
3.500991770830303
3.5000401956402234
3.4990897790103066
3.4981405194906037
3.497192415632982
3.4962454659911195
3.4952996691205103
3.4943550235784553
3.4934115279240667
3.492469180718256
3.491527980523745
3.490587925905051
3.4896490154284914
3.4887112476621778
3.4877746211760203
3.4868391345417176
3.485904786332756
3.4849715751244137
3.48403949949375
3.48310855801961
3.4821787492826166
3.481250071865172
3.480322524351454
3.479396105327415
3.4784708133807807
3.4775466471010446
3.4766236050794617
3.4757016859090624
3.4747808881846316
3.473861210502722
3.472942651461637
3.4720252096614397
3.471108883703949
3.470193672192732
3.469279573733106
3.4683665869321394
3.46745471039864
3.4665439427431637
3.465634282578003
3.4647257285171933
3.463818279176502
3.4629119331734333
3.4620066891272234
3.461102545658838
3.46019950139097
3.459297554948038
3.4583967049561855
3.4574969500432755
3.4565982888388893
3.4557007199743297
3.454804242082609
3.453908853798455
3.4530145537583037
3.4521213406003035
3.4512292129643054
3.4503381694918662
3.4494482088262433
3.4485593296123938
3.4476715304969754
3.4467848101283365
3.4458991671565244
3.445014600233275
3.444131108012012
3.4432486891478473
3.4423673422975796
3.4414870661196866
3.4406078592743308
3.439729720423351
3.438852648230263
3.437976641360257
3.437101698480195
3.436227818258612
3.4353549993657055
3.434483240473346
3.4336125402550612
3.432742897386048
3.4318743105431535
3.431006778404894
3.4301402996514305
3.4292748729645837
3.4284104970278277
3.4275471705262794
3.426684892146709
3.4258236605775267
3.4249634745087927
3.4241043326322007
3.4232462336410894
3.4223891762304337
3.4215331590968394
3.4206781809385496
3.419824240455435
3.4189713363490006
3.4181194673223723
3.4172686320803027
3.4164188293291677
3.415570057776966
3.4147223161333105
3.4138756031094353
3.413029917418184
3.4121852577740173
3.411341622893005
3.410499011492825
3.4096574222927627
3.4088168540137085
3.407977305378153
3.407138775110187
3.406301261935504
3.405464764581389
3.404629281776729
3.4037948122519945
3.402961354739251
3.402128907972153
3.40129747068594
3.400467041617436
3.399637619505052
3.3988092030887724
3.3979817911101646
3.3971553823123712
3.3963299754401115
3.395505569239675
3.3946821624589227
3.3938597538472854
3.39303834215576
3.3922179261369063
3.3913985045448505
3.390580076135277
3.3897626396654306
3.3889461938941134
3.3881307375816787
3.387316269490038
3.386502788382652
3.3856902930245303
3.38487878218223
3.3840682546238514
3.3832587091190423
3.38245014443899
3.3816425593564197
3.3808359526455964
3.380030323082319
3.3792256694439238
3.378421990509274
3.377619285058765
3.3768175518743218
3.376016789739393
3.37521699743895
3.374418173759492
3.3736203174890327
3.372823427417109
3.372027502334771
3.3712325410345825
3.370438542310625
3.369645504958486
3.3688534277752638
3.3680623095595648
3.3672721491115003
3.3664829452326805
3.365694696726225
3.364907402396746
3.3641210610503562
3.3633356714946614
3.36255123253877
3.36176774299327
3.360985201670246
3.3602036073832733
3.3594229589474094
3.3586432551791976
3.3578644948966634
3.3570866769193146
3.3563098000681384
3.355533863165596
3.3547588650356266
3.3539848045036402
3.35321168039652
3.3524394915426234
3.351668236771766
3.3508979149152376
3.3501285248057893
3.3493600652776347
3.348592535166447
3.347825933309361
3.347060258544965
3.346295509713304
3.345531685655876
3.3447687852156314
3.344006807236967
3.343245750565733
3.34248561404922
3.3417263965361665
3.340968096876751
3.3402107139225943
3.339454246526754
3.338698693543727
3.337944053829443
3.337190326241267
3.3364375096379946
3.33568560287985
3.3349346048284874
3.3341845143469886
3.3334353302998543
3.332687051553013
3.331939676973811
3.3311932054310156
3.3304476357948096
3.3297029669367935
3.328959197729979
3.3282163270487914
3.327474353769067
3.3267332767680458
3.325993094924382
3.325253807118128
3.324515412230742
3.323777909145083
3.3230412967454126
3.3223055739173852
3.3215707395480534
3.320836792525867
3.3201037317406645
3.319371556083675
3.3186402644475224
3.3179098557262097
3.3171803288151342
3.3164516826110693
3.315723916012174
3.31499702791799
3.3142710172294336
3.3135458828488003
3.31282162367976
3.312098238627359
3.3113757265980093
3.3106540864995
3.309933317240983
3.309213417732979
3.3084943868873764
3.307776223617422
3.3070589268377275
3.3063424954642615
3.305626928414353
3.30491222460669
3.304198382961307
3.3034854023996
3.3027732818443107
3.3020620202195357
3.3013516164507144
3.3006420694646352
3.29993337818943
3.2992255415545757
3.298518558490887
3.2978124279305185
3.297107148806967
3.296402720055062
3.295699140610966
3.2949964094121773
3.294294525397524
3.2935934875071653
3.292893294682585
3.2921939458665967
3.2914954400033354
3.2907977760382603
3.2901009529181535
3.289404969591112
3.288709825006556
3.2880155181152175
3.2873220478691465
3.2866294132217044
3.2859376131275635
3.2852466465427055
3.284556512424421
3.283867209731306
3.2831787374232637
3.282491094461498
3.2818042798085134
3.281118292428117
3.2804331312854105
3.279748795346797
3.279065283579971
3.2783825949539214
3.277700728438928
3.2770196830065617
3.2763394576296796
3.2756600512824305
3.2749814629402434
3.2743036915798336
3.273626736179197
3.2729505957176106
3.272275269175632
3.2716007555350917
3.2709270537791006
3.2702541628920394
3.269582081859564
3.268910809668599
3.2682403453073423
3.2675706877652555
3.2669018360330666
3.2662337891027677
3.2655665459676158
3.2649001056221283
3.2642344670620833
3.2635696292845147
3.2629055912877143
3.2622423520712296
3.26157991063586
3.260918265983657
3.2602574171179235
3.259597363043211
3.2589381027653146
3.2582796352912817
3.257621959629398
3.2569650747891945
3.2563089797814415
3.2556536736181485
3.2549991553125643
3.254345423879173
3.253692478333694
3.2530403176930798
3.252388940975513
3.2517383472004084
3.2510885353884094
3.2504395045613803
3.249791253742423
3.249143781955852
3.248497088227209
3.2478511715832554
3.2472060310519737
3.24656166566256
3.2459180744454335
3.245275256432221
3.2446332106557656
3.243991936150124
3.2433514319505607
3.2427116970935477
3.2420727306167674
3.2414345315591055
3.2407970989606545
3.2401604318627046
3.2395245293077526
3.2388893903394895
3.238255014002808
3.237621399343798
3.2369885454097433
3.236356451249119
3.235725115911595
3.2350945384480325
3.23446471791048
3.233835653352174
3.233207343827537
3.232579788392176
3.2319529861028817
3.231326936017627
3.230701637195565
3.2300770886970254
3.229453289583518
3.228830238917725
3.228207935763506
3.2275863791858934
3.2269655682510883
3.226345502026464
3.225726179580562
3.2251075999830903
3.2244897623049193
3.2238726656180923
3.223256308995804
3.222640691512419
3.2220258122434564
3.2214116702655953
3.220798264656673
3.2201855944956788
3.2195736588627595
3.218962456839212
3.2183519875074835
3.217742249951173
3.2171332432550277
3.2165249665049385
3.215917418787944
3.215310599192227
3.214704506807109
3.2140991407230572
3.2134945000316764
3.2128905838257067
3.21228739119903
3.2116849212466594
3.211083173064744
3.210482145750562
3.209881838402529
3.2092822501201828
3.2086833800041927
3.208085227156357
3.207487790679594
3.2068910696779507
3.206295063256595
3.205699770521814
3.205105190581017
3.2045113225427286
3.2039181655165963
3.2033257186133755
3.2027339809449393
3.2021429516242743
3.20155262976548
3.200963014483758
3.2003741048954266
3.1997859001179076
3.199198399269729
3.198611601470524
3.1980255058410267
3.197440111503076
3.1968554175796076
3.196271423194657
3.1956881274733577
3.1951055295419417
3.1945236285277296
3.1939424235591405
3.193361913765684
3.19278209827796
3.1922029762276556
3.191624546747551
3.1910468089715067
3.1904697620344717
3.18989340507248
3.1893177372226478
3.188742757623167
3.1881684654133156
3.1875948597334434
3.187021939724988
3.186449704530451
3.185878153293414
3.1853072851585305
3.184737099271528
3.184167594779197
3.1835987708294082
3.18303062657109
3.1824631611542396
3.1818963737299226
3.1813302634502665
3.180764829468456
3.1802000709387444
3.179635987016441
3.1790725768579122
3.1785098396205824
3.177947774462934
3.1773863805444993
3.1768256570258653
3.1762656030686744
3.175706217835613
3.1751475004904193
3.1745894501978826
3.1740320661238313
3.1734753474351436
3.1729192932997425
3.1723639028865933
3.171809175365696
3.1712551099080986
3.170701705685884
3.1701489618721714
3.1695968776411183
3.169045452167916
3.1684946846287874
3.1679445742009897
3.1673951200628108
3.166846321393566
3.1662981773735996
3.165750687184285
3.16520385000802
3.164657665028223
3.16411213142934
3.163567248396839
3.1630230151172056
3.1624794307779456
3.1619364945675823
3.161394205675658
3.1608525632927273
3.1603115666103587
3.159771214821136
3.159231507118656
3.1586924426975216
3.1581540207533436
3.1576162404827492
3.1570791010833608
3.156542601753816
3.1560067416937465
3.155471520103797
3.1549369361856066
3.1544029891418157
3.1538696781760662
3.1533370024929965
3.1528049612982394
3.1522735537984246
3.151742779201179
3.151212636715116
3.1506831255498433
3.150154244915959
3.149625994025052
3.1490983720896932
3.148571378323449
3.1480450119408623
3.1475192721574623
3.1469941581897665
3.146469669255267
3.1459458045724413
3.1454225633607398
3.1448999448405983
3.144377948233423
3.1438565727616012
3.1433358176484876
3.1428156821184174
3.142296165396692
3.1417772667095853
3.1412589852843404
3.140741320349169
3.140224271133248
3.1397078368667226
3.139192016780701
3.138676810107254
3.1381622160794156
3.137648233931181
3.137134862897505
3.136622102214296
3.1361099511184314
3.1355984088477307
3.1350874746409767
3.1345771477379043
3.1340674273792
3.1335583128065037
3.133049803262403
3.1325418979904325
3.132034596235081
3.131527897241777
3.131021800256899
3.1305163045277675
3.1300114093026474
3.1295071138307433
3.1290034173622
3.1285003191481056
3.1279978184404844
3.1274959144922954
3.1269946065574366
3.1264938938907405
3.125993775747971
3.1254942513858244
3.1249953200619327
3.1244969810348553
3.1239992335640756
3.1235020769100115
3.123005510334005
3.1225095330983246
3.1220141444661613
3.121519343701629
3.1210251300697647
3.120531502836525
3.120038461268789
3.1195460046343513
3.1190541322019256
3.1185628432411394
3.118072137022536
3.1175820128175773
3.1170924698986298
3.1166035075389753
3.116115125012811
3.1156273215952353
3.115140096562258
3.1146534491907985
3.114167378758678
3.1136818845446266
3.113196965828272
3.1127126218901497
3.1122288520116963
3.111745655475245
3.1112630315640324
3.11078097956219
3.110299498754747
3.1098185884276277
3.109338247867652
3.108858476362534
3.10837927320088
3.107900637672184
3.107422569066835
3.106945066676108
3.106468129792166
3.1059917577080625
3.10551594971773
3.1050407051159907
3.1045660231985495
3.104091903261992
3.1036183446037864
3.103145346522279
3.1026729083167006
3.1022010292871514
3.101729708734618
3.1012589459609528
3.1007887402688925
3.1003190909620395
3.0998499973448737
3.099381458722743
3.098913474401869
3.098446043689337
3.097979165893109
3.0975128403220045
3.097047066285716
3.096581843094798
3.096117170060667
3.0956530464956047
3.095189471712755
3.09472644502612
3.0942639657505624
3.093802033201804
3.0933406466964213
3.092879805551849
3.092419509086379
3.0919597566191515
3.0915005474701642
3.0910418809602658
3.090583756411155
3.0901261731453817
3.089669130486342
3.0892126277582834
3.088756664286296
3.0883012393963183
3.0878463524151325
3.0873920026703634
3.0869381894904784
3.086484912204787
3.086032170143437
3.085579962637419
3.08512828901856
3.0846771486195212
3.0842265407738036
3.0837764648157404
3.083326920080503
3.0828779059040916
3.0824294216233383
3.0819814665759098
3.0815340401002964
3.0810871415358254
3.0806407702226437
3.080194925501729
3.079749606714886
3.079304813204739
3.0788605443147414
3.078416799389164
3.077973577773105
3.0775308788124756
3.0770887018540134
3.07664704624527
3.0762059113346187
3.0757652964712427
3.075325201005146
3.0748856242871456
3.0744465656688713
3.074008024502764
3.0735700001420776
3.0731324919408762
3.0726954992540314
3.072259021437225
3.071823057846945
3.071387607840487
3.07095267077595
3.070518246012237
3.070084332909055
3.0696509308269144
3.069218039127123
3.068785657171793
3.068353784323834
3.067922419946953
3.0674915634056563
3.0670612140652436
3.066631371291809
3.0662020344522456
3.065773202914236
3.065344876046257
3.064917053217573
3.0644897337982417
3.0640629171591107
3.0636366026718127
3.0632107897087693
3.0627854776431898
3.062360665849064
3.061936353701171
3.0615125405750723
3.06108922584711
3.060666408894408
3.06024408909487
3.0598222658271808
3.059400938470803
3.0589801064059743
3.058559769013712
3.058139925675809
3.057720575774828
3.0573017186941107
3.0568833538177693
3.0564654805306857
3.0560480982185165
3.055631206267683
3.0552148040653786
3.0547988909995647
3.0543834664589653
3.053968529833078
3.0535540805121566
3.053140117887225
3.0527266413500644
3.052313650293224
3.0519011441100097
3.0514891221944906
3.0510775839414923
3.050666528746599
3.0502559560061524
3.0498458651172533
3.0494362554777528
3.049027126486259
3.0486184775421337
3.0482103080454905
3.0478026173971946
3.0473954049988605
3.0469886702528566
3.0465824125622953
3.0461766313310377
3.0457713259636954
3.0453664958656197
3.0449621404429132
3.0445582591024185
3.044154851251721
3.0437519162991515
3.0433494536537795
3.0429474627254165
3.04254594292461
3.042144893662652
3.0417443143515657
3.0413442044041132
3.0409445632337944
3.04054539025484
3.040146684882219
3.039748446531631
3.0393506746195054
3.0389533685630075
3.038556527780028
3.0381601516891905
3.0377642397098468
3.037368791262071
3.0369738057666713
3.0365792826451754
3.0361852213198386
3.0357916212136415
3.0353984817502826
3.0350058023541875
3.034613582450499
3.0342218214650822
3.0338305188245225
3.0334396739561194
3.0330492862878957
3.0326593552485837
3.03226988026764
3.031880860775228
3.0314922962022313
3.0311041859802397
3.0307165295415626
3.0303293263192135
3.0299425757469227
3.029556277259124
3.0291704302909648
3.0287850342782967
3.02840008865768
3.0280155928663786
3.0276315463423638
3.0272479485243107
3.026864798851598
3.0264820967643007
3.0260998417032057
3.0257180331097926
3.025336670426243
3.024955753095438
3.0245752805609567
3.024195252267073
3.02381566765876
3.0234365261816847
3.0230578272822086
3.0226795704073877
3.0223017550049667
3.021924380523388
3.0215474464117826
3.0211709521199706
3.0207948970984604
3.0204192807984525
3.020044102671832
3.019669362171173
3.0192950587497327
3.018921191861453
3.0185477609609634
3.0181747655035736
3.0178022049452777
3.0174300787427506
3.0170583863533444
3.0166871272350977
3.0163163008467233
3.015945906647613
3.015575944097836
3.0152064126581384
3.014837311789941
3.0144686409553416
3.0141003996171087
3.0137325872386844
3.013365203284186
3.0129982472183983
3.0126317185067784
3.0122656166154536
3.01189994101122
3.0115346911615397
3.0111698665345448
3.01080546659903
3.0104414908244577
3.0100779386809586
3.0097148096393194
3.0093521031709964
3.0089898187481037
3.0086279558434197
3.008266513930384
3.0079054924830895
3.0075448909762947
3.007184708885415
3.0068249456865215
3.0064656008563406
3.006106673872256
3.0057481642123065
3.005390071355184
3.005032394780234
3.0046751339674533
3.0043182883974886
3.0039618575516416
3.0036058409118604
3.003250237960744
3.0028950481815393
3.0025402710581393
3.0021859060750824
3.001831952717556
3.0014784104713943
3.0011252788230673
3.0007725572596957
3.0004202452690407
3.0000683423395054
2.9997168479601313
2.999365761620603
2.9990150828112454
2.9986648110230165
2.998314945747519
2.9979654864769865
2.9976164327042922
2.997267783922944
2.9969195396270827
2.9965716993114855
2.99622426247156
2.9958772286033484
2.99553059720352
2.9951843677693804
2.994838539798861
2.9944931127905225
2.994148086243555
2.9938034596577774
2.9934592325336298
2.9931154043721846
2.992771974675134
2.9924289429448
2.9920863086841214
2.9917440713966656
2.9914022305866164
2.991060785758785
2.9907197364185976
2.9903790820721037
2.9900388222259684
2.989698956387477
2.989359484064533
2.9890204047656512
2.9886817179999703
2.9883434232772372
2.988005520107814
2.9876680080026787
2.9873308864734196
2.986994155032239
2.9866578131919486
2.986321860465973
2.98598629636834
2.985651120413695
2.985316332117283
2.9849819309949646
2.984647916563199
2.9843142883390557
2.983981045840208
2.983648188584935
2.9833157160921147
2.982983627881236
2.9826519234723814
2.982320602386238
2.981989664144095
2.9816591082678383
2.9813289342799543
2.9809991417035278
2.980669730062243
2.9803406988803736
2.980012047682797
2.9796837759949852
2.9793558833429983
2.9790283692534967
2.9787012332537315
2.9783744748715444
2.9780480936353704
2.9777220890742364
2.977396460717758
2.9770712080961372
2.9767463307401694
2.9764218281812367
2.9760976999513047
2.9757739455829295
2.9754505646092513
2.9751275565639936
2.974804920981467
2.974482657396563
2.974160765344756
2.973839244362105
2.9735180939852492
2.973197313751402
2.9728769031983675
2.9725568618645215
2.9722371892888177
2.9719178850107904
2.9715989485705534
2.9712803795087885
2.970962177366759
2.9706443416863006
2.9703268720098266
2.9700097678803163
2.9696930288413297
2.969376654436992
2.969060644212004
2.9687449977116347
2.968429714481723
2.9681147940686774
2.967800236019473
2.967486039881654
2.9671722052033322
2.9668587315331836
2.96654561842045
2.966232865414939
2.96592047206702
2.965608437927628
2.96529676254826
2.964985445480973
2.964674486278388
2.964363884493684
2.9640536396806025
2.96374375139344
2.9634342191870564
2.9631250426168645
2.962816221238837
2.9625077546095016
2.9621996422859413
2.9618918838257966
2.9615844787872585
2.9612774267290742
2.9609707272105417
2.9606643797915115
2.9603583840323875
2.960052739494121
2.959747445738218
2.9594425023267275
2.9591379088222536
2.958833664787942
2.9585297697874915
2.9582262233851435
2.9579230251456874
2.9576201746344584
2.9573176714173335
2.957015515060734
2.956713705131627
2.9564122411975196
2.956111122826463
2.9558103495870447
2.9555099210484
2.955209836780198
2.9549100963526476
2.9546106993365
2.954311645303039
2.95401293382409
2.95371456447201
2.9534165368197
2.9531188504405845
2.952821504908631
2.9525244997983378
2.9522278346847375
2.9519315091433915
2.951635522750399
2.9513398750823834
2.9510445657165043
2.950749594230448
2.95045496020243
2.950160663211192
2.9498667028360117
2.949573078656683
2.949279790253536
2.9489868372074177
2.9486942190997056
2.948401935512302
2.9481099860276285
2.947818370228636
2.9475270876987905
2.9472361380220877
2.9469455207830397
2.9466552355666784
2.946365281958558
2.9460756595447495
2.945786367911848
2.945497406646959
2.9452087753377096
2.9449204735722416
2.9446325009392154
2.944344857027805
2.9440575414276955
2.943770553729094
2.9434838935227146
2.943197560399787
2.9429115539520496