79.99243671344432
79.98487435500851
79.97731292457773
79.96975242203708
79.96219284727167
79.95463420016671
79.94707648060736
79.93951968847882
79.9319638236663
79.924408886055
79.91685487553015
79.90930179197701
79.90174963528086
79.89419840532696
79.88664810200058
79.87909872518705
79.87155027477168
79.86400275063981
79.85645615267678
79.84891048076793
79.84136573479867
79.83382191465437
79.82627902022043
79.81873705138227
79.81119600802533
79.80365589003509
79.79611669729697
79.78857842969643
79.78104108711896
79.77350466945009
79.76596917657533
79.75843460838024
79.75090096475029
79.74336824557112
79.73583645072823
79.72830558010726
79.7207756335938
79.71324661107349
79.70571851243191
79.69819133755473
79.69066508632761
79.68313975863622
79.67561535436624
79.66809187340341
79.66056931563337
79.65304768094192
79.64552696921477
79.63800718033772
79.63048831419647
79.62297037067682
79.61545334966462
79.60793725104566
79.60042207470579
79.59290782053078
79.58539448840655
79.57788207821899
79.57037058985392
79.56286002319729
79.55535037813499
79.54784165455293
79.54033385233708
79.53282697137338
79.52532101154783
79.51781597274639
79.51031185485508
79.50280865775984
79.49530638134681
79.4878050255019
79.4803045901113
79.47280507506096
79.46530648023703
79.45780880552562
79.45031205081278
79.44281621598468
79.43532130092744
79.42782730552725
79.42033422967022
79.41284207324253
79.40535083613044
79.39786051822014
79.39037111939778
79.38288263954969
79.37539507856211
79.36790843632126
79.36042271271344
79.35293790762493
79.34545402094209
79.33797105255118
79.33048900233855
79.32300787019061
79.31552765599365
79.30804835963407
79.30056998099828
79.29309251997267
79.28561597644367
79.27814035029772
79.27066564142125
79.26319184970073
79.25571897502267
79.24824701727348