1644.0914393165508
43954.13531501317
1184141.0136535726
31907616.93500009
859780711.030562
23167602553.619225
624272914897.493
16821622843020.865
453274502740102.6
1.2213909249520812e+16
3.291153114806176e+17
8.868322667063661e+18
2.389653236530957e+20
6.439146166919553e+21
1.7350887034616693e+23
4.675360258704167e+24
1.2598199449434197e+26
3.3947037358724063e+27
9.147349588010872e+28
2.4648396736682884e+30
6.641743117429413e+31
1.789680363764607e+33
4.822462639422695e+34
1.2994580696917411e+36
3.5015124038143506e+37
9.435155623739543e+38
2.542391726135486e+40
6.850714441698131e+41
1.8459896592343726e+43
4.974193350198305e+44
1.340343341653337e+46
3.6116816276207112e+47
9.732016994393908e+48
2.6223838240572143e+50
7.06626069872088e+51
1.9040706323849677e+53
5.1306980136851856e+54
1.3825150002266768e+56
3.725317141553843e+57
1.0038218610922457e+59
2.704892739377357e+60
7.28858875774573e+61
1.9639790260875944e+63
5.292126834310464e+64
1.4260135194121877e+66
3.8425280066275833e+67
1.0354054348519495e+69
2.789997659540438e+70
7.517911996815197e+71
2.0257723370695405e+73
5.458634742432017e+74
1.4708806466569395e+76
3.9634267152779396e+77
1.0679827328670196e+79
2.8777802634913186e+80
7.754450507554558e+81
2.089509871096332e+83
5.630381543031973e+84
1.517159442921511e+86
4.088129299327022e+87
1.1015850210069628e+89
2.968324800066065e+90
7.998431306403503e+91
2.1552527998900846e+93
5.807532069088592e+94
1.5648943240074882e+96
4.2167554413439034e+97
1.1362445488695082e+99
3.0617181688492864e+100
8.250088552493818e+101
2.223064219838713e+103
5.99025633977376e+104
1.6141311031852752e+106
4.349428589509267e+107
1.1719945807319694e+109
3.1580500035754834e+110
8.5096637723822e+111
2.2930092125522996e+113
6.178729723627871e+114
1.664917035163102e+116
4.486276076094051e+117
1.2088694274764361e+119
3.257412758154499e+120
8.777406091853975e+121
2.3651549073248014e+123
6.373133106868736e+124
1.7173008614394548e+126
4.627429239665861e+127
1.2469044795194445e+129
3.359901795403629e+130
9.053572475020115e+131
2.439570545560993e+133
6.573653066996113e+134
1.7713328570824482e+136
4.773023551140387e+137
1.2861362407777204e+139
3.465615478571509e+140
9.338427970937e+141
2.5163275472304856e+143
6.780482051858305e+144