0.86
0.86
0.86
0.86
0.86
0.86
0.86
0.86
0.86
0.86
0.86
0.86
0.86
0.86
0.86
0.86
0.86
0.86
0.86
0.86
0.86
0.86
0.86
0.86
0.86
0.86
0.86
0.86
0.86
0.86
0.86
0.86
0.86
0.86
0.86
0.86
0.86
0.86
0.86
0.86
0.86
0.86
0.86
0.86
0.86
0.86
0.86
0.86
0.86
0.86
0.86
0.86
0.86
0.86
0.86
0.86
0.86
0.86
0.86
0.86
0.86
0.86
0.86
0.86
0.86
0.86
0.86
0.86
0.86
0.86
0.86
0.86
0.86
0.86
0.86
0.86
0.86
0.86
0.86
0.86
0.8533333333333334
0.8533333333333334
0.8533333333333334
0.8533333333333334
0.8533333333333334
0.8533333333333334
0.8533333333333334
0.8533333333333334
0.8533333333333334
0.8533333333333334
0.8533333333333334
0.8533333333333334
0.8533333333333334
0.8533333333333334
0.8533333333333334
0.8533333333333334
0.8533333333333334
0.8533333333333334
0.8533333333333334
0.8533333333333334