0.6926963764206441
0.6922470185234357
0.6917991018882941
0.691352621553881
0.6909075725774749
0.6904639500348992
0.6900217490204518
0.6895809646468334
0.689141592045078
0.6887036263644817
0.6882670627725335
0.6878318964548445
0.6873981226150787
0.6869657364748831
0.68653473327382
0.6861051082692956
0.6856768567364934
0.6852499739683047
0.6848244552752607
0.6844002959854637
0.68397749144452
0.6835560370154727
0.683135928078733
0.6827171600320139
0.682299728290263
0.6818836282855962
0.6814688554672311
0.6810554053014202
0.6806432732713849
0.6802324548772511
0.6798229456359819
0.6794147410813128
0.6790078367636873
0.6786022282501908
0.6781979111244865
0.6777948809867514
0.6773931334536113
0.676992664158077
0.6765934687494812
0.6761955428934131
0.6757988822716575
0.6754034825821299
0.675009339538814
0.6746164488716994
0.6742248063267189
0.6738344076656863
0.6734452486662336
0.6730573251217506
0.6726706328413227
0.6722851676496688
0.6719009253870812
0.6715179019093643
0.6711360930877736
0.6707554948089554
0.6703761029748864
0.6699979135028145
0.6696209223251971
0.6692451253896433
0.6688705186588538
0.6684970981105611
0.6681248597374715
0.6677537995472057
0.6673839135622405
0.6670151978198496
0.6666476483720476
0.6662812612855292
0.6659160326416137
0.665551958536187
0.6651890350796431
0.6648272583968287
0.6644666246269852
0.6641071299236927
0.663748770454813
0.6633915424024335
0.6630354419628115
0.6626804653463177
0.6623266087773815
0.6619738684944345
0.6616222407498564
0.6612717218099188
0.6609223079547314
0.6605739954781871
0.6602267806879072
0.6598806599051876
0.6595356294649449
0.6591916857156622
0.6588488250193358
0.6585070437514221
0.6581663383007836
0.6578267050696366
0.6574881404734985
0.6571506409411344
0.6568142029145055
0.6564788228487171
0.6561444972119652
0.6558112224854864
0.6554789951635056
0.6551478117531845
0.6548176687745705
0.6544885627605453