0.6886543704985189
0.6843048511436529
0.6800937307148313
0.6760162997120339
0.6720680238937382
0.6682445374949357
0.664541636681812
0.6609552732391557
0.6574815484860911
0.65411670741531
0.6508571330506547
0.6476993410176228
0.6446399743211585
0.6416757983249268
0.6388036959261609
0.6360206629200906
0.6333238035479267
0.6307103262223754
0.6281775394246701
0.6257228477671695
0.623343748215623
0.6210378264653094
0.6188027534653405
0.6166362820855505
0.6145362439205019
0.6125005462252873
0.6105271689779402
0.6086141620634068
0.6067596425741955
0.604961792222956
0.6032188548624074
0.6015291341081753
0.5998909910602618
0.5983028421190167
0.5967631568916348
0.595270456185346
0.5938233100836153
0.5924203361018126
0.591060197418947
0.5897416011822012
0.5884632968811321
0.5872240747885297
0.5860227644650566
0.5848582333249048
0.5837293852598266
0.5826351593190104
0.5815745284423744
0.5805464982449653
0.5795501058502404
0.5785844187701145
0.5776485338297451
0.5767415761351159
0.5758626980815673
0.5750110784015042
0.5741859212495897
0.5733864553238089
0.5726119330208593
0.5718616296243948
0.571134842524713
0.5704308904685444
0.5697491128376563
0.5690888689550461
0.5684495374175552
0.5678305154537812
0.5672312183062221
0.5666510786366363
0.5660895459536376
0.5655460860616001
0.5650201805299856
0.5645113261822395
0.5640190346034518
0.563542831666003
0.5630822570724615
0.5626368639150202
0.5622062182508034
0.5617898986923935
0.561387496012966
0.5609986127654417
0.5606228629150932
0.5602598714850683
0.559909274214317
0.5595707172274286
0.5592438567159076
0.5589283586304448
0.5586238983837457
0.5583301605635101
0.5580468386551668
0.5577736347739877
0.557510259406222
0.5572564311589029
0.5570118765179974
0.5567763296145859
0.5565495319987639
0.5563312324209797
0.5561211866205292
0.5559191571209406
0.5557249130319957
0.5555382298581422
0.5553588893130633
0.5551866791401806