0.6931020849144849
0.6930570037448354
0.6930119370460075
0.6929668848130145
0.6929218470408712
0.6928768237245944
0.6928318148592024
0.6927868204397162
0.6927418404611577
0.6926968749185511
0.692651923806923
0.6926069871213008
0.6925620648567146
0.6925171570081959
0.6924722635707784
0.6924273845394975
0.6923825199093905
0.6923376696754965
0.6922928338328562
0.6922480123765132
0.6922032053015116
0.6921584126028981
0.6921136342757215
0.6920688703150317
0.692024120715881
0.6919793854733235
0.6919346645824148
0.6918899580382131
0.6918452658357775
0.69180058797017
0.6917559244364534
0.691711275229693
0.6916666403449561
0.691622019777311
0.691577413521829
0.6915328215735822
0.6914882439276454
0.6914436805790944
0.6913991315230078
0.6913545967544652
0.6913100762685486
0.6912655700603414
0.6912210781249294
0.6911766004573998
0.6911321370528418
0.6910876879063464
0.6910432530130066
0.6909988323679169
0.6909544259661741
0.6909100338028763
0.6908656558731239
0.6908212921720189
0.6907769426946654
0.6907326074361689
0.6906882863916373
0.6906439795561797
0.6905996869249074
0.6905554084929337
0.6905111442553734
0.6904668942073433
0.690422658343962
0.6903784366603498
0.6903342291516291
0.6902900358129239
0.6902458566393602
0.6902016916260658
0.69015754076817
0.6901134040608045
0.6900692814991025
0.690025173078199
0.6899810787932307
0.6899369986393367
0.689892932611657
0.6898488807053345
0.689804842915513
0.6897608192373387
0.6897168096659595
0.689672814196525
0.6896288328241864
0.6895848655440974
0.6895409123514127
0.6894969732412893
0.6894530482088863
0.6894091372493639
0.6893652403578847
0.6893213575296127
0.6892774887597138
0.6892336340433562
0.6891897933757093
0.6891459667519446
0.6891021541672351
0.6890583556167563
0.6890145710956849
0.6889708005991996
0.6889270441224806
0.6888833016607105
0.6888395732090735
0.6887958587627554
0.6887521583169438
0.6887084718668284
0.6886647994076005
0.6886211409344533
0.6885774964425815
0.688533865927182
0.6884902493834534
0.6884466468065961
0.688403058191812
0.6883594835343053
0.6883159228292817
0.6882723760719487
0.6882288432575157
0.6881853243811936
0.6881418194381956
0.6880983284237366
0.6880548513330328
0.6880113881613026
0.6879679389037662
0.6879245035556454
0.6878810821121641
0.6878376745685476
0.6877942809200234
0.6877509011618204
0.6877075352891693
0.6876641832973033
0.6876208451814563
0.6875775209368649
0.6875342105587668
0.6874909140424024
0.6874476313830123
0.6874043625758408
0.6873611076161329
0.6873178664991352
0.6872746392200966
0.6872314257742675
0.6871882261569005
0.6871450403632493
0.68710186838857
0.6870587102281203
0.6870155658771593
0.6869724353309485
0.6869293185847507
0.6868862156338306
0.6868431264734549
0.6868000510988918
0.6867569895054114
0.6867139416882854
0.6866709076427876
0.6866278873641931
0.6865848808477796
0.6865418880888255
0.6864989090826119
0.686455943824421
0.6864129923095371
0.6863700545332463
0.6863271304908362
0.6862842201775966
0.6862413235888186
0.6861984407197953
0.6861555715658217
0.6861127161221945
0.6860698743842115
0.6860270463471735
0.6859842320063819
0.6859414313571407
0.6858986443947551
0.6858558711145325
0.6858131115117817
0.6857703655818133
0.6857276333199399
0.6856849147214757
0.6856422097817365
0.6855995184960403
0.6855568408597064
0.6855141768680562
0.6854715265164124
0.6854288898001002
0.6853862667144457
0.6853436572547772
0.6853010614164248
0.6852584791947204
0.6852159105849971
0.6851733555825905
0.6851308141828376
0.6850882863810768
0.685045772172649
0.6850032715528962
0.6849607845171626
0.6849183110607936
0.6848758511791371
0.684833404867542
0.6847909721213593
0.684748552935942
0.684706147306644
0.6846637552288222
0.684621376697834
0.6845790117090392
0.6845366602577992
0.6844943223394774
0.6844519979494385
0.684409687083049
0.6843673897356772
0.6843251059026937
0.68428283557947
0.6842405787613794
0.6841983354437978
0.6841561056221019
0.6841138892916705
0.6840716864478841
0.6840294970861248
0.6839873212017769
0.6839451587902257
0.6839030098468589
0.6838608743670657
0.6838187523462367
0.6837766437797647
0.683734548663044
0.6836924669914708
0.6836503987604425
0.683608343965359
0.6835663026016214
0.6835242746646325
0.6834822601497973
0.683440259052522
0.6833982713682146
0.6833562970922852
0.6833143362201453
0.6832723887472081
0.6832304546688885
0.6831885339806038
0.6831466266777715
0.6831047327558125
0.6830628522101483
0.6830209850362027
0.6829791312294008
0.6829372907851697
0.6828954636989383
0.6828536499661368
0.6828118495821975
0.6827700625425541
0.6827282888426423
0.6826865284778996
0.6826447814437643
0.6826030477356777
0.6825613273490823
0.6825196202794217
0.6824779265221421
0.6824362460726907
0.6823945789265173
0.6823529250790724
0.6823112845258087
0.6822696572621807
0.6822280432836442
0.6821864425856572
0.682144855163679
0.6821032810131709
0.6820617201295954
0.6820201725084174
0.6819786381451033
0.6819371170351205
0.6818956091739392
0.6818541145570303
0.6818126331798672
0.6817711650379243
0.6817297101266784
0.6816882684416073
0.6816468399781911
0.6816054247319113
0.6815640226982507
0.6815226338726944
0.6814812582507292
0.6814398958278433
0.6813985465995265
0.6813572105612705
0.6813158877085687
0.6812745780369163
0.6812332815418096
0.6811919982187474
0.6811507280632295
0.681109471070758
0.6810682272368361
0.681026996556969
0.6809857790266635
0.6809445746414282
0.6809033833967733
0.6808622052882104
0.6808210403112533
0.6807798884614173
0.6807387497342193
0.6806976241251775
0.6806565116298127
0.6806154122436464
0.6805743259622026
0.6805332527810062
0.6804921926955847
0.6804511457014663
0.6804101117941813
0.6803690909692619
0.6803280832222418
0.6802870885486562
0.680246106944042
0.6802051384039383
0.6801641829238851
0.6801232404994245
0.6800823111261002
0.6800413947994575
0.6800004915150434
0.6799596012684067
0.6799187240550978
0.6798778598706686
0.6798370087106729
0.6797961705706659
0.6797553454462048
0.6797145333328478
0.679673734226156
0.6796329481216908
0.6795921750150161
0.6795514149016973
0.6795106677773011
0.6794699336373965
0.6794292124775535
0.6793885042933441
0.6793478090803421
0.6793071268341225
0.6792664575502624
0.6792258012243405
0.6791851578519368
0.6791445274286333
0.6791039099500135
0.6790633054116626
0.6790227138091676
0.6789821351381166
0.6789415693941003
0.67890101657271
0.6788604766695394
0.6788199496801837
0.6787794356002393
0.678738934425305
0.6786984461509805
0.6786579707728677
0.6786175082865699
0.6785770586876919
0.6785366219718405
0.6784961981346239
0.6784557871716521
0.6784153890785365
0.6783750038508903
0.6783346314843285
0.6782942719744673
0.6782539253169252
0.6782135915073216
0.6781732705412781
0.6781329624144176
0.6780926671223646
0.678052384660746
0.6780121150251891
0.6779718582113238
0.6779316142147812
0.677891383031194
0.6778511646561971
0.6778109590854262
0.6777707663145194
0.6777305863391156
0.6776904191548562
0.6776502647573838
0.6776101231423424
0.677569994305378
0.6775298782421383
0.6774897749482722
0.6774496844194305
0.6774096066512659
0.6773695416394323
0.6773294893795849
0.6772894498673816
0.677249423098481
0.6772094090685437
0.6771694077732316
0.6771294192082089
0.6770894433691407
0.677049480251694
0.6770095298515374
0.6769695921643414
0.6769296671857777
0.6768897549115197
0.6768498553372427
0.6768099684586233
0.6767700942713399
0.6767302327710724
0.6766903839535022
0.6766505478143129
0.6766107243491889
0.6765709135538168
0.6765311154238847
0.676491329955082
0.6764515571431
0.6764117969836317
0.6763720494723715
0.6763323146050154
0.6762925923772612
0.6762528827848081
0.6762131858233569
0.6761735014886104
0.6761338297762726
0.6760941706820489
0.676054524201647
0.6760148903307757
0.6759752690651457
0.6759356604004686
0.6758960643324587
0.6758564808568313
0.675816909969303
0.6757773516655925
0.6757378059414201
0.6756982727925074
0.6756587522145776
0.675619244203356
0.6755797487545686
0.675540265863944
0.6755007955272118
0.6754613377401031
0.6754218924983512
0.6753824597976903
0.6753430396338566
0.6753036320025879
0.6752642368996233
0.6752248543207039
0.675185484261572
0.6751461267179716
0.6751067816856487
0.6750674491603502
0.6750281291378251
0.6749888216138238
0.6749495265840981
0.6749102440444019
0.6748709739904903
0.67483171641812
0.6747924713230494
0.6747532387010384
0.6747140185478486
0.6746748108592429
0.6746356156309862
0.6745964328588447
0.6745572625385862
0.6745181046659801
0.6744789592367975
0.6744398262468112
0.6744007056917948
0.6743615975675247
0.6743225018697776
0.6742834185943329
0.6742443477369711
0.6742052892934736
0.6741662432596247
0.6741272096312093
0.6740881884040143
0.6740491795738281
0.6740101831364403
0.6739711990876428
0.6739322274232284
0.673893268138992
0.6738543212307295
0.6738153866942389
0.6737764645253194
0.6737375547197718
0.673698657273399
0.6736597721820046
0.6736208994413947
0.6735820390473759
0.6735431909957573
0.6735043552823494
0.6734655319029637
0.6734267208534138
0.6733879221295146
0.6733491357270828
0.6733103616419366
0.6732715998698955
0.6732328504067808
0.6731941132484153
0.6731553883906234
0.673116675829231
0.6730779755600657
0.6730392875789563
0.6730006118817337
0.6729619484642296
0.6729232973222783
0.6728846584517147
0.6728460318483758
0.6728074175080997
0.6727688154267266
0.6727302256000978
0.6726916480240565
0.6726530826944471
0.6726145296071157
0.6725759887579104
0.6725374601426798
0.6724989437572753
0.6724604395975488
0.6724219476593544
0.6723834679385474
0.6723450004309849
0.6723065451325251