0.6931020849144849
0.6930570037448354
0.6930119370460075
0.6929668848130145
0.6929218470408712
0.6928768237245944
0.6928318148592024
0.6927868204397162
0.6927418404611577
0.6926968749185511
0.692651923806923
0.6926069871213008
0.6925620648567146
0.6925171570081959
0.6924722635707784
0.6924273845394975
0.6923825199093905
0.6923376696754965
0.6922928338328562
0.6922480123765132
0.6922032053015116
0.6921584126028981
0.6921136342757215
0.6920688703150317
0.692024120715881
0.6919793854733235
0.6919346645824148
0.6918899580382131
0.6918452658357775
0.69180058797017
0.6917559244364534
0.691711275229693
0.6916666403449561
0.691622019777311
0.691577413521829
0.6915328215735822
0.6914882439276454
0.6914436805790944
0.6913991315230078
0.6913545967544652
0.6913100762685486
0.6912655700603414
0.6912210781249294
0.6911766004573998
0.6911321370528418
0.6910876879063464
0.6910432530130066
0.6909988323679169
0.6909544259661741
0.6909100338028763
0.6908656558731239
0.6908212921720189
0.6907769426946654
0.6907326074361689
0.6906882863916373
0.6906439795561797
0.6905996869249074
0.6905554084929337
0.6905111442553734
0.6904668942073433
0.690422658343962
0.6903784366603498
0.6903342291516291
0.6902900358129239
0.6902458566393602
0.6902016916260658
0.69015754076817
0.6901134040608045
0.6900692814991025
0.690025173078199
0.6899810787932307
0.6899369986393367
0.689892932611657
0.6898488807053345
0.689804842915513
0.6897608192373387
0.6897168096659595
0.689672814196525
0.6896288328241864
0.6895848655440974
0.6895409123514127
0.6894969732412893
0.6894530482088863
0.6894091372493639
0.6893652403578847
0.6893213575296127
0.6892774887597138
0.6892336340433562
0.6891897933757093
0.6891459667519446
0.6891021541672351
0.6890583556167563
0.6890145710956849
0.6889708005991996
0.6889270441224806
0.6888833016607105
0.6888395732090735
0.6887958587627554
0.6887521583169438
0.6887084718668284