0.6931467295867361
0.6931462786149746
0.6931458276446607
0.6931453766757945
0.693144925708376
0.6931444747424055
0.6931440237778823
0.6931435728148071
0.6931431218531796
0.6931426708929996
0.6931422199342673
0.6931417689769829
0.693141318021146
0.6931408670667567
0.693140416113815
0.6931399651623212
0.693139514212275
0.6931390632636765
0.6931386123165255
0.6931381613708222
0.6931377104265666
0.6931372594837586
0.6931368085423982
0.6931363576024853
0.69313590666402
0.6931354557270026
0.6931350047914325
0.6931345538573103
0.6931341029246355
0.6931336519934082
0.6931332010636286
0.6931327501352965
0.6931322992084121
0.6931318482829754
0.6931313973589859
0.6931309464364441
0.69313049551535
0.6931300445957033
0.6931295936775043
0.6931291427607525
0.6931286918454487
0.693128240931592
0.693127790019183
0.6931273391082217
0.6931268881987076
0.6931264372906412
0.6931259863840222
0.6931255354788508
0.6931250845751269
0.6931246336728504
0.6931241827720214
0.6931237318726399
0.6931232809747059
0.6931228300782194
0.6931223791831802
0.6931219282895886
0.6931214773974445
0.6931210265067477
0.6931205756174985
0.6931201247296965
0.6931196738433422
0.6931192229584352
0.6931187720749755
0.6931183211929636
0.6931178703123987
0.6931174194332814
0.6931169685556113
0.693116517679389
0.6931160668046139
0.693115615931286
0.6931151650594057
0.6931147141889727
0.693114263319987
0.6931138124524489
0.6931133615863581
0.6931129107217147
0.6931124598585184
0.6931120089967696
0.6931115581364681
0.693111107277614
0.6931106564202073
0.6931102055642478
0.6931097547097358
0.6931093038566708
0.6931088530050534
0.6931084021548832
0.6931079513061603
0.6931075004588847
0.6931070496130566
0.6931065987686754
0.6931061479257418
0.6931056970842553
0.6931052462442163
0.6931047954056243
0.6931043445684797
0.6931038937327823
0.693103442898532
0.6931029920657293
0.6931025412343736
0.6931020904044652