0.6931020849144849
0.6930570037448354
0.6930119370460075
0.6929668848130145
0.6929218470408712
0.6928768237245944
0.6928318148592024
0.6927868204397162
0.6927418404611577
0.6926968749185511
0.692651923806923
0.6926069871213008
0.6925620648567146
0.6925171570081959
0.6924722635707784
0.6924273845394975
0.6923825199093905
0.6923376696754965
0.6922928338328562
0.6922480123765132
0.6922032053015116
0.6921584126028981
0.6921136342757215
0.6920688703150317
0.692024120715881
0.6919793854733235
0.6919346645824148
0.6918899580382131
0.6918452658357775
0.69180058797017
0.6917559244364534
0.691711275229693
0.6916666403449561
0.691622019777311
0.691577413521829
0.6915328215735822
0.6914882439276454
0.6914436805790944
0.6913991315230078
0.6913545967544652
0.6913100762685486
0.6912655700603414
0.6912210781249294
0.6911766004573998
0.6911321370528418
0.6910876879063464
0.6910432530130066
0.6909988323679169
0.6909544259661741
0.6909100338028763
0.6908656558731239
0.6908212921720189
0.6907769426946654
0.6907326074361689
0.6906882863916373
0.6906439795561797
0.6905996869249074
0.6905554084929337
0.6905111442553734
0.6904668942073433
0.690422658343962
0.6903784366603498
0.6903342291516291
0.6902900358129239
0.6902458566393602
0.6902016916260658
0.69015754076817
0.6901134040608045
0.6900692814991025
0.690025173078199
0.6899810787932307
0.6899369986393367
0.689892932611657
0.6898488807053345
0.689804842915513
0.6897608192373387
0.6897168096659595
0.689672814196525
0.6896288328241864
0.6895848655440974
0.6895409123514127
0.6894969732412893
0.6894530482088863
0.6894091372493639
0.6893652403578847
0.6893213575296127
0.6892774887597138
0.6892336340433562
0.6891897933757093
0.6891459667519446
0.6891021541672351
0.6890583556167563
0.6890145710956849
0.6889708005991996
0.6889270441224806
0.6888833016607105
0.6888395732090735
0.6887958587627554
0.6887521583169438
0.6887084718668284
0.6886647994076005
0.6886211409344533
0.6885774964425815
0.688533865927182
0.6884902493834534
0.6884466468065961
0.688403058191812
0.6883594835343053
0.6883159228292817
0.6882723760719487
0.6882288432575157
0.6881853243811936
0.6881418194381956
0.6880983284237366
0.6880548513330328
0.6880113881613026
0.6879679389037662
0.6879245035556454
0.6878810821121641
0.6878376745685476
0.6877942809200234
0.6877509011618204
0.6877075352891693
0.6876641832973033
0.6876208451814563
0.6875775209368649
0.6875342105587668
0.6874909140424024
0.6874476313830123
0.6874043625758408
0.6873611076161329
0.6873178664991352
0.6872746392200966
0.6872314257742675
0.6871882261569005
0.6871450403632493
0.68710186838857
0.6870587102281203
0.6870155658771593
0.6869724353309485
0.6869293185847507
0.6868862156338306
0.6868431264734549
0.6868000510988918
0.6867569895054114
0.6867139416882854
0.6866709076427876
0.6866278873641931
0.6865848808477796
0.6865418880888255
0.6864989090826119
0.686455943824421
0.6864129923095371
0.6863700545332463
0.6863271304908362
0.6862842201775966
0.6862413235888186
0.6861984407197953
0.6861555715658217
0.6861127161221945
0.6860698743842115
0.6860270463471735
0.6859842320063819
0.6859414313571407
0.6858986443947551
0.6858558711145325
0.6858131115117817
0.6857703655818133
0.6857276333199399
0.6856849147214757
0.6856422097817365
0.6855995184960403
0.6855568408597064
0.6855141768680562
0.6854715265164124
0.6854288898001002
0.6853862667144457
0.6853436572547772
0.6853010614164248
0.6852584791947204
0.6852159105849971
0.6851733555825905
0.6851308141828376
0.6850882863810768
0.685045772172649
0.6850032715528962
0.6849607845171626
0.6849183110607936
0.6848758511791371
0.684833404867542
0.6847909721213593
0.684748552935942
0.684706147306644
0.6846637552288222
0.684621376697834
0.6845790117090392
0.6845366602577992
0.6844943223394774
0.6844519979494385
0.684409687083049
0.6843673897356772
0.6843251059026937
0.68428283557947
0.6842405787613794
0.6841983354437978
0.6841561056221019
0.6841138892916705
0.6840716864478841
0.6840294970861248
0.6839873212017769
0.6839451587902257
0.6839030098468589
0.6838608743670657
0.6838187523462367
0.6837766437797647
0.683734548663044
0.6836924669914708
0.6836503987604425
0.683608343965359
0.6835663026016214
0.6835242746646325
0.6834822601497973
0.683440259052522
0.6833982713682146
0.6833562970922852
0.6833143362201453
0.6832723887472081
0.6832304546688885
0.6831885339806038
0.6831466266777715
0.6831047327558125
0.6830628522101483
0.6830209850362027
0.6829791312294008
0.6829372907851697
0.6828954636989383
0.6828536499661368
0.6828118495821975
0.6827700625425541
0.6827282888426423
0.6826865284778996
0.6826447814437643
0.6826030477356777
0.6825613273490823
0.6825196202794217
0.6824779265221421
0.6824362460726907
0.6823945789265173
0.6823529250790724
0.6823112845258087