0.6497402315216037
0.5855177376346431
0.5257973064255064
0.48652075833462904
0.47282311521975107
0.48364142765429446
0.5150174186337949
0.5602851560173185
0.6092713032525698
0.6493671443830747
0.6694022205593875
0.6642268623298484
0.6369061047239339
0.5969857771836327
0.5559429746091271
0.5228676881989622
0.5027312788527566
0.4969437493732094
0.5044489174154534
0.5222874846288456
0.545774225321166
0.5690528569242472
0.5865086862868499
0.594573077060196
0.5928215897351851
0.583691757555587
0.5711394998480248
0.5591235276532063
0.550598555791468
0.5471288932504158
0.5488733687852579
0.55471693431612
0.5625336969476316
0.5696902901627574
0.5738012250060673
0.5735081651194615
0.5689178662146377
0.5614734038144856
0.5533538771634519
0.546730523360363
0.543189468811644
0.5434423940202491
0.547281324361855
0.553696616160179
0.5611229294196776
0.5678060220212133
0.5722428850125731
0.573575067934425
0.5717907777684108
0.567657879716238
0.5624286213037492
0.5574470483166512
0.5538008886026043
0.5521044724307577
0.552430640697325
0.5543688879361893
0.5571771226217658
0.5599932355734366
0.5620631633860383
0.5629292073360435
0.5625246688911673
0.5611489318538453
0.5593401422001171
0.5576967438902979
0.5567075439482875
0.5566345311602614
0.5574679425883003
0.5589523445513077
0.5606695741523711
0.562156105422084
0.5630260382670299
0.5630683841818245
0.5622929768521723
0.5609143632047994
0.559282490598314
0.5577844647603405
0.5567469732599509
0.5563639785148158
0.5566635653485102
0.5575165791518195
0.5586806595756837
0.5598667999152368
0.5608115220825365
0.5613369172062983
0.5613842771821231
0.5610146912098494
0.5603795600738023
0.5596720453476028
0.559074304473318
0.5587143427678511
0.558641782619281
0.5588259146652035
0.5591737760941333
0.5595616721999065
0.559871036819513
0.5600191861715228
0.559977500375886
0.5597734448378537
0.559477502883135
0.5591800682347693