0.86
0.8533333333333334
0.84
0.84
0.84
0.84
0.84
0.84
0.84
0.84
0.8333333333333334
0.8333333333333334
0.8333333333333334
0.8333333333333334
0.8333333333333334
0.8333333333333334
0.82
0.82
0.82
0.82
0.8133333333333334
0.8133333333333334
0.8133333333333334
0.8133333333333334
0.8133333333333334
0.8133333333333334
0.8133333333333334
0.8133333333333334
0.82
0.82
0.82
0.82
0.82
0.82
0.82
0.82
0.82
0.8133333333333334
0.8133333333333334
0.8133333333333334
0.8133333333333334
0.8133333333333334
0.8133333333333334
0.8133333333333334
0.8133333333333334
0.8133333333333334
0.8066666666666666
0.8
0.8
0.8
0.8
0.8
0.8
0.7933333333333333
0.7933333333333333
0.7866666666666666
0.78
0.7733333333333333
0.7733333333333333
0.7733333333333333
0.7733333333333333
0.7733333333333333
0.7666666666666667
0.7666666666666667
0.7666666666666667
0.7666666666666667
0.7666666666666667
0.7666666666666667
0.7666666666666667
0.7666666666666667
0.7666666666666667
0.7666666666666667
0.7666666666666667
0.7666666666666667
0.7666666666666667
0.7666666666666667
0.7666666666666667
0.7666666666666667
0.7666666666666667
0.7666666666666667
0.7666666666666667
0.7666666666666667
0.7666666666666667
0.76
0.76
0.76
0.76
0.76
0.76
0.76
0.76
0.76
0.76
0.76
0.76
0.76
0.76
0.76
0.7533333333333333
0.7533333333333333