0.6931020849144849
0.6930164236035488
0.6928942909790076
0.6927393866281346
0.6925550525921949
0.6923443072283868
0.6921098759881916
0.6918542193690249
0.6915795582794982
0.691287897042036
0.690981044240326
0.6906606316033471
0.6903281311026523
0.6899848704253007
0.6896320469713579
0.6892707405122867
0.6889019246347872
0.6885264770837511
0.6881451891079016
0.6877587739023928
0.6873678742340965
0.6869730693274515
0.6865748810815723
0.6861737796827421
0.6857701886704284
0.6853644895094843
0.6849570257162393
0.684548106581645
0.6841380105305412
0.6837269881523704
0.6833152649352839
0.6829030437325142
0.6824905069871047
0.6820778187385717
0.6816651264327885
0.6812525625543224
0.6808402460985887
0.6804282838994934
0.6800167718267164
0.6796057958654065
0.6791954330898102
0.6787857525412387
0.6783768160197531
0.6779686787980355
0.6775613902650856
0.6771549945066294
0.6767495308284583
0.6763450342283024
0.6759415358212959
0.6755390632235939
0.6751376408982548
0.6747372904670957
0.674338030991867
0.6739398792277638
0.6735428498519908
0.6731469556698386
0.6727522078004786
0.6723586158444748
0.6719661880348072
0.6715749313730335
0.6711848517520461
0.6707959540667457
0.6704082423138202
0.670021719681701
0.66963638863166
0.6692522509709243
0.6688693079185891
0.6684875601650397
0.6681070079255216
0.6677276509884318
0.6673494887588559
0.6669725202978117
0.6665967443576293
0.6662221594138411
0.66584876369393
0.6654765552032421
0.6651055317483459
0.6647356909580837
0.6643670303025501
0.6639995471101938
0.6636332385832335
0.6632681018115496
0.6629041337852042
0.6625413314057227
0.662179691496261
0.6618192108107651
0.6614598860422247
0.661101713830109
0.6607446907670642
0.6603888134049488
0.6600340782602658
0.6596804818190586
0.6593280205413162
0.6589766908649428
0.6586264892093274
0.6582774119785605
0.6579294555643252
0.6575826163485012
0.6572368907055054
0.6568922750043973
0.6565487656107711
0.6562063588884574
0.6558650512010508
0.6555248389132824
0.655185718392252
0.654847686008533
0.6545107381371634
0.6541748711585342
0.6538400814591853
0.653506365432517
0.6531737194794266
0.6528421400088771
0.6525116234384042
0.6521821661945696
0.6518537647133621
0.6515264154405563
0.6512001148320292
0.6508748593540419
0.6505506454834861
0.6502274697081045
0.6499053285266815
0.6495842184492117
0.6492641359970454
0.6489450777030163
0.6486270401115507
0.6483100197787605
0.6479940132725223
0.6476790171725455
0.6473650280704254
0.6470520425696891
0.64674005728583
0.6464290688463354
0.6461190738907057
0.6458100690704662
0.6455020510491756
0.6451950165024243
0.644888962117833
0.6445838845950428
0.6442797806457037
0.6439766469934591
0.6436744803739252
0.6433732775346711
0.6430730352351937
0.6427737502468901
0.6424754193530304
0.6421780393487262
0.6418816070408988
0.6415861192482453
0.6412915728012039
0.6409979645419183
0.6407052913241997
0.6404135500134905
0.6401227374868234
0.6398328506327838
0.6395438863514694
0.6392558415544493
0.6389687131647233
0.6386824981166807
0.638397193356058
0.638112795839898
0.6378293025365068
0.6375467104254116
0.6372650164973176
0.636984217754067
0.6367043112085939
0.6364252938848837
0.6361471628179284
0.635869915053685
0.6355935476490313
0.6353180576717251
0.6350434422003588
0.634769698324318
0.6344968231437391
0.6342248137694656
0.6339536673230063
0.6336833809364919
0.6334139517526338
0.6331453769246808
0.6328776536163772
0.6326107790019208
0.6323447502659212
0.6320795646033572
0.6318152192195363
0.6315517113300518
0.6312890381607421
0.6310271969476496
0.6307661849369793
0.630505999385058
0.6302466375582928
0.6299880967331312
0.6297303741960206
0.6294734672433672
0.6292173731814967
0.628962089326613
0.6287076130047595
0.6284539415517791
0.6282010723132737
0.627949002644566
0.6276977299106594
0.6274472514861992
0.6271975647554333
0.6269486671121742
0.6267005559597592
0.6264532287110126
0.6262066827882078
0.6259609156230279
0.6257159246565288
0.625471707339101
0.625228261130431
0.6249855834994654
0.6247436719243725
0.6245025238925052
0.6242621369003634
0.6240225084535582
0.6237836360667744
0.6235455172637341
0.62330814957716
0.6230715305487392
0.6228356577290872
0.6226005286777118
0.6223661409629773
0.6221324921620681
0.621899579860955
0.6216674016543574
0.6214359551457098
0.6212052379471258
0.620975247679364
0.6207459819717918
0.6205174384623524
0.6202896147975289
0.6200625086323108
0.6198361176301596
0.6196104394629744
0.619385471811058
0.6191612123630839
0.6189376588160613
0.6187148088753031
0.6184926602543911
0.6182712106751438
0.6180504578675833
0.6178303995699017
0.6176110335284286
0.6173923574975985
0.617174369239919
0.6169570665259366
0.6167404471342068
0.6165245088512599
0.6163092494715701
0.6160946667975238
0.6158807586393872