0.6931020849144849
0.6930570037448354
0.6930119370460075
0.6929668848130145
0.6929218470408712
0.6928768237245944
0.6928318148592024
0.6927868204397162
0.6927418404611577
0.6926968749185511
0.692651923806923
0.6926069871213008
0.6925620648567146
0.6925171570081959
0.6924722635707784
0.6924273845394975
0.6923825199093905
0.6923376696754965
0.6922928338328562
0.6922480123765132
0.6922032053015116
0.6921584126028981
0.6921136342757215
0.6920688703150317
0.692024120715881
0.6919793854733235
0.6919346645824148
0.6918899580382131
0.6918452658357775
0.69180058797017
0.6917559244364534
0.691711275229693
0.6916666403449561
0.691622019777311
0.691577413521829
0.6915328215735822
0.6914882439276454
0.6914436805790944
0.6913991315230078
0.6913545967544652
0.6913100762685486
0.6912655700603414
0.6912210781249294
0.6911766004573998
0.6911321370528418
0.6910876879063464
0.6910432530130066
0.6909988323679169
0.6909544259661741
0.6909100338028763
0.6908656558731239
0.6908212921720189
0.6907769426946654
0.6907326074361689
0.6906882863916373
0.6906439795561797
0.6905996869249074
0.6905554084929337
0.6905111442553734
0.6904668942073433
0.690422658343962
0.6903784366603498
0.6903342291516291
0.6902900358129239
0.6902458566393602
0.6902016916260658
0.69015754076817
0.6901134040608045
0.6900692814991025
0.690025173078199
0.6899810787932307
0.6899369986393367
0.689892932611657
0.6898488807053345
0.689804842915513
0.6897608192373387
0.6897168096659595
0.689672814196525
0.6896288328241864
0.6895848655440974
0.6895409123514127
0.6894969732412893
0.6894530482088863
0.6894091372493639
0.6893652403578847
0.6893213575296127
0.6892774887597138
0.6892336340433562
0.6891897933757093
0.6891459667519446
0.6891021541672351
0.6890583556167563
0.6890145710956849
0.6889708005991996
0.6889270441224806
0.6888833016607105
0.6888395732090735
0.6887958587627554
0.6887521583169438
0.6887084718668284
0.6886647994076005
0.6886211409344533
0.6885774964425815
0.688533865927182
0.6884902493834534
0.6884466468065961
0.688403058191812
0.6883594835343053
0.6883159228292817
0.6882723760719487
0.6882288432575157
0.6881853243811936
0.6881418194381956
0.6880983284237366
0.6880548513330328
0.6880113881613026
0.6879679389037662
0.6879245035556454
0.6878810821121641
0.6878376745685476
0.6877942809200234
0.6877509011618204
0.6877075352891693
0.6876641832973033
0.6876208451814563
0.6875775209368649
0.6875342105587668
0.6874909140424024
0.6874476313830123
0.6874043625758408
0.6873611076161329
0.6873178664991352
0.6872746392200966
0.6872314257742675
0.6871882261569005
0.6871450403632493
0.68710186838857
0.6870587102281203
0.6870155658771593
0.6869724353309485
0.6869293185847507
0.6868862156338306
0.6868431264734549
0.6868000510988918
0.6867569895054114
0.6867139416882854
0.6866709076427876
0.6866278873641931
0.6865848808477796
0.6865418880888255
0.6864989090826119
0.686455943824421
0.6864129923095371
0.6863700545332463
0.6863271304908362
0.6862842201775966
0.6862413235888186
0.6861984407197953
0.6861555715658217
0.6861127161221945
0.6860698743842115
0.6860270463471735
0.6859842320063819
0.6859414313571407
0.6858986443947551
0.6858558711145325
0.6858131115117817
0.6857703655818133
0.6857276333199399
0.6856849147214757
0.6856422097817365
0.6855995184960403
0.6855568408597064
0.6855141768680562
0.6854715265164124
0.6854288898001002
0.6853862667144457
0.6853436572547772
0.6853010614164248
0.6852584791947204
0.6852159105849971
0.6851733555825905
0.6851308141828376
0.6850882863810768
0.685045772172649
0.6850032715528962
0.6849607845171626
0.6849183110607936
0.6848758511791371
0.684833404867542
0.6847909721213593
0.684748552935942
0.684706147306644
0.6846637552288222
0.684621376697834
0.6845790117090392
0.6845366602577992
0.6844943223394774
0.6844519979494385
0.684409687083049
0.6843673897356772
0.6843251059026937
0.68428283557947
0.6842405787613794
0.6841983354437978
0.6841561056221019
0.6841138892916705
0.6840716864478841
0.6840294970861248
0.6839873212017769
0.6839451587902257
0.6839030098468589
0.6838608743670657
0.6838187523462367
0.6837766437797647
0.683734548663044
0.6836924669914708
0.6836503987604425
0.683608343965359
0.6835663026016214
0.6835242746646325
0.6834822601497973
0.683440259052522
0.6833982713682146
0.6833562970922852
0.6833143362201453
0.6832723887472081
0.6832304546688885
0.6831885339806038
0.6831466266777715
0.6831047327558125
0.6830628522101483
0.6830209850362027
0.6829791312294008
0.6829372907851697
0.6828954636989383
0.6828536499661368
0.6828118495821975
0.6827700625425541
0.6827282888426423
0.6826865284778996
0.6826447814437643
0.6826030477356777
0.6825613273490823
0.6825196202794217
0.6824779265221421
0.6824362460726907
0.6823945789265173
0.6823529250790724
0.6823112845258087
0.6822696572621807
0.6822280432836442
0.6821864425856572
0.682144855163679
0.6821032810131709
0.6820617201295954
0.6820201725084174
0.6819786381451033
0.6819371170351205
0.6818956091739392
0.6818541145570303
0.6818126331798672
0.6817711650379243
0.6817297101266784
0.6816882684416073
0.6816468399781911
0.6816054247319113
0.6815640226982507
0.6815226338726944
0.6814812582507292
0.6814398958278433
0.6813985465995265
0.6813572105612705
0.6813158877085687
0.6812745780369163
0.6812332815418096
0.6811919982187474
0.6811507280632295
0.681109471070758
0.6810682272368361
0.681026996556969
0.6809857790266635
0.6809445746414282
0.6809033833967733
0.6808622052882104
0.6808210403112533
0.6807798884614173
0.6807387497342193
0.6806976241251775
0.6806565116298127
0.6806154122436464
0.6805743259622026
0.6805332527810062
0.6804921926955847
0.6804511457014663
0.6804101117941813
0.6803690909692619
0.6803280832222418
0.6802870885486562
0.680246106944042
0.6802051384039383
0.6801641829238851
0.6801232404994245
0.6800823111261002
0.6800413947994575
0.6800004915150434
0.6799596012684067
0.6799187240550978
0.6798778598706686
0.6798370087106729
0.6797961705706659
0.6797553454462048
0.6797145333328478
0.679673734226156
0.6796329481216908
0.6795921750150161
0.6795514149016973
0.6795106677773011
0.6794699336373965
0.6794292124775535
0.6793885042933441
0.6793478090803421
0.6793071268341225
0.6792664575502624
0.6792258012243405
0.6791851578519368
0.6791445274286333
0.6791039099500135
0.6790633054116626
0.6790227138091676
0.6789821351381166
0.6789415693941003
0.67890101657271
0.6788604766695394
0.6788199496801837
0.6787794356002393
0.678738934425305
0.6786984461509805
0.6786579707728677
0.6786175082865699
0.6785770586876919
0.6785366219718405
0.6784961981346239
0.6784557871716521
0.6784153890785365
0.6783750038508903
0.6783346314843285
0.6782942719744673
0.6782539253169252
0.6782135915073216
0.6781732705412781
0.6781329624144176
0.6780926671223646
0.678052384660746
0.6780121150251891
0.6779718582113238
0.6779316142147812
0.677891383031194
0.6778511646561971
0.6778109590854262
0.6777707663145194
0.6777305863391156
0.6776904191548562
0.6776502647573838
0.6776101231423424
0.677569994305378
0.6775298782421383
0.6774897749482722
0.6774496844194305
0.6774096066512659
0.6773695416394323
0.6773294893795849
0.6772894498673816
0.677249423098481
0.6772094090685437
0.6771694077732316
0.6771294192082089
0.6770894433691407
0.677049480251694
0.6770095298515374
0.6769695921643414
0.6769296671857777
0.6768897549115197
0.6768498553372427
0.6768099684586233
0.6767700942713399
0.6767302327710724
0.6766903839535022
0.6766505478143129
0.6766107243491889
0.6765709135538168
0.6765311154238847
0.676491329955082
0.6764515571431
0.6764117969836317
0.6763720494723715
0.6763323146050154
0.6762925923772612
0.6762528827848081
0.6762131858233569
0.6761735014886104
0.6761338297762726
0.6760941706820489
0.676054524201647
0.6760148903307757
0.6759752690651457
0.6759356604004686
0.6758960643324587
0.6758564808568313
0.675816909969303
0.6757773516655925
0.6757378059414201
0.6756982727925074
0.6756587522145776
0.675619244203356
0.6755797487545686
0.675540265863944
0.6755007955272118
0.6754613377401031
0.6754218924983512
0.6753824597976903
0.6753430396338566
0.6753036320025879
0.6752642368996233
0.6752248543207039
0.675185484261572
0.6751461267179716
0.6751067816856487
0.6750674491603502
0.6750281291378251
0.6749888216138238
0.6749495265840981
0.6749102440444019
0.6748709739904903
0.67483171641812
0.6747924713230494
0.6747532387010384
0.6747140185478486
0.6746748108592429
0.6746356156309862
0.6745964328588447
0.6745572625385862
0.6745181046659801
0.6744789592367975
0.6744398262468112
0.6744007056917948
0.6743615975675247
0.6743225018697776
0.6742834185943329
0.6742443477369711
0.6742052892934736
0.6741662432596247
0.6741272096312093
0.6740881884040143
0.6740491795738281
0.6740101831364403
0.6739711990876428
0.6739322274232284
0.673893268138992
0.6738543212307295
0.6738153866942389
0.6737764645253194
0.6737375547197718
0.673698657273399
0.6736597721820046
0.6736208994413947
0.6735820390473759
0.6735431909957573
0.6735043552823494
0.6734655319029637
0.6734267208534138
0.6733879221295146
0.6733491357270828
0.6733103616419366
0.6732715998698955
0.6732328504067808
0.6731941132484153
0.6731553883906234
0.673116675829231
0.6730779755600657
0.6730392875789563
0.6730006118817337
0.6729619484642296
0.6729232973222783
0.6728846584517147
0.6728460318483758
0.6728074175080997
0.6727688154267266
0.6727302256000978
0.6726916480240565
0.6726530826944471
0.6726145296071157
0.6725759887579104
0.6725374601426798
0.6724989437572753
0.6724604395975488
0.6724219476593544
0.6723834679385474
0.6723450004309849
0.6723065451325251
0.6722681020390285
0.6722296711463565
0.6721912524503721
0.6721528459469405
0.6721144516319274
0.6720760695012007
0.6720376995506299
0.6719993417760856
0.6719609961734405
0.6719226627385683
0.6718843414673447
0.6718460323556464
0.6718077353993523
0.6717694505943423
0.6717311779364982
0.6716929174217029
0.6716546690458413
0.6716164328047995
0.6715782086944656
0.6715399967107285
0.6715017968494794
0.6714636091066104
0.6714254334780153
0.67138726995959
0.6713491185472311
0.6713109792368372
0.6712728520243083
0.6712347369055461
0.6711966338764533
0.6711585429329351
0.6711204640708972
0.6710823972862473
0.6710443425748948
0.6710062999327501
0.6709682693557257
0.6709302508397356
0.6708922443806945
0.6708542499745195
0.6708162676171291
0.6707782973044428
0.6707403390323824
0.6707023927968705
0.6706644585938315
0.6706265364191916
0.6705886262688778
0.6705507281388197
0.6705128420249472
0.6704749679231927
0.6704371058294897
0.670399255739773
0.6703614176499794
0.6703235915560467
0.6702857774539148
0.6702479753395247
0.6702101852088189
0.6701724070577416
0.6701346408822385
0.6700968866782566
0.6700591444417447
0.6700214141686529
0.6699836958549329
0.6699459894965379
0.6699082950894225
0.6698706126295431
0.6698329421128572
0.6697952835353241
0.6697576368929045
0.6697200021815608
0.6696823793972563
0.6696447685359567
0.6696071695936285
0.6695695825662401
0.6695320074497612
0.6694944442401629
0.6694568929334178
0.6694193535255007
0.6693818260123869
0.6693443103900538
0.6693068066544802
0.6692693148016461
0.6692318348275337
0.6691943667281256
0.669156910499407
0.6691194661373641
0.6690820336379845
0.6690446129972573
0.6690072042111735
0.6689698072757252
0.6689324221869059
0.6688950489407111
0.6688576875331373
0.6688203379601828
0.6687830002178472
0.6687456743021316
0.6687083602090386
0.6686710579345725
0.6686337674747388
0.6685964888255447
0.6685592219829986
0.6685219669431111
0.6684847237018932
0.6684474922553579
0.6684102725995202
0.6683730647303959
0.6683358686440027
0.6682986843363591
0.6682615118034861
0.6682243510414054
0.6681872020461403
0.6681500648137162
0.6681129393401589
0.6680758256214966
0.6680387236537587
0.6680016334329757
0.6679645549551803
0.667927488216406
0.6678904332126884
0.6678533899400639
0.6678163583945709
0.6677793385722488
0.6677423304691392
0.6677053340812844
0.6676683494047289
0.6676313764355177
0.6675944151696982
0.6675574656033192
0.6675205277324301
0.6674836015530826
0.6674466870613298
0.6674097842532261
0.6673728931248271
0.6673360136721904
0.6672991458913746
0.66726228977844
0.6672254453294486
0.6671886125404634
0.6671517914075491
0.6671149819267718
0.6670781840941992
0.6670413979059001
0.6670046233579453
0.6669678604464069
0.6669311091673581
0.6668943695168736
0.6668576414910302
0.6668209250859055
0.6667842202975789
0.6667475271221311
0.6667108455556443
0.6666741755942021
0.6666375172338896
0.6666008704707937
0.6665642353010022
0.6665276117206044
0.6664909997256914
0.6664543993123556
0.6664178104766908
0.6663812332147924
0.6663446675227572
0.6663081133966834
0.6662715708326703
0.6662350398268194
0.6661985203752331
0.6661620124740155
0.6661255161192721
0.6660890313071095
0.6660525580336363
0.6660160962949624
0.6659796460871987
0.6659432074064583
0.6659067802488549
0.6658703646105043
0.6658339604875236
0.6657975678760314
0.6657611867721471
0.6657248171719925
0.6656884590716904
0.6656521124673648
0.6656157773551414
0.6655794537311475
0.6655431415915115
0.6655068409323635
0.6654705517498348
0.6654342740400584
0.6653980077991688
0.6653617530233015
0.6653255097085935
0.665289277851184
0.6652530574472123
0.6652168484928205
0.6651806509841514
0.6651444649173491
0.6651082902885597
0.6650721270939304
0.6650359753296097
0.6649998349917476
0.6649637060764959
0.6649275885800076
0.6648914824984367
0.6648553878279391
0.6648193045646724
0.6647832327047947
0.6647471722444668
0.6647111231798494
0.6646750855071061
0.664639059222401
0.6646030443219001
0.6645670408017702
0.6645310486581806
0.6644950678873004
0.664459098485302
0.6644231404483579
0.6643871937726424
0.6643512584543317
0.6643153344896023
0.6642794218746334
0.6642435206056047
0.6642076306786976
0.664171752090095
0.6641358848359813
0.6641000289125422
0.6640641843159645
0.6640283510424371
0.6639925290881495
0.6639567184492936
0.6639209191220617
0.6638851311026484
0.6638493543872488
0.6638135889720602
0.6637778348532812
0.6637420920271113
0.6637063604897518
0.6636706402374053
0.6636349312662763
0.6635992335725697
0.6635635471524928
0.6635278720022535
0.6634922081180619
0.6634565554961288
0.6634209141326668
0.6633852840238901
0.6633496651660133
0.6633140575552542
0.6632784611878297
0.6632428760599605
0.6632073021678666
0.6631717395077709
0.663136188075897
0.6631006478684701
0.6630651188817166
0.6630296011118645
0.6629940945551432
0.6629585992077835
0.6629231150660174
0.6628876421260785
0.6628521803842019
0.6628167298366237
0.6627812904795817
0.6627458623093151
0.6627104453220644
0.6626750395140715
0.6626396448815797
0.6626042614208338
0.66256888912808
0.6625335279995656
0.6624981780315393
0.6624628392202517
0.6624275115619546
0.6623921950529008
0.6623568896893447
0.6623215954675424
0.662286312383751
0.662251040434229
0.6622157796152368
0.6621805299230352
0.6621452913538876
0.6621100639040575
0.6620748475698112
0.6620396423474152
0.6620044482331378
0.661969265223249
0.6619340933140194
0.661898932501722
0.6618637827826304
0.6618286441530199
0.6617935166091671
0.66175840014735
0.661723294763848
0.6616882004549418
0.6616531172169139
0.6616180450460473
0.6615829839386271
0.6615479338909396
0.6615128948992723
0.6614778669599146
0.6614428500691567
0.6614078442232904
0.6613728494186086
0.6613378656514062
0.6613028929179788
0.6612679312146241
0.6612329805376403
0.6611980408833279
0.6611631122479877
0.6611281946279228
0.6610932880194376
0.661058392418837
0.6610235078224282
0.6609886342265195
0.6609537716274206
0.6609189200214423
0.6608840794048968
0.6608492497740982
0.6608144311253612
0.6607796234550025
0.6607448267593397
0.6607100410346922
0.6606752662773806
0.6606405024837265
0.6606057496500533
0.6605710077726856
0.6605362768479495
0.6605015568721723
0.6604668478416825
0.6604321497528107
0.6603974626018879
0.6603627863852469
0.660328121099222
0.6602934667401488
0.6602588233043637
0.6602241907882056
0.6601895691880135
0.6601549585001286
0.6601203587208934
0.6600857698466509
0.6600511918737466
0.6600166247985271
0.6599820686173394
0.6599475233265331
0.6599129889224584
0.659878465401467
0.6598439527599124
0.6598094509941486
0.6597749601005316
0.6597404800754185
0.6597060109151679
0.6596715526161399
0.6596371051746953
0.6596026685871966
0.6595682428500083
0.6595338279594949
0.6594994239120237
0.6594650307039622
0.6594306483316799
0.6593962767915472
0.6593619160799362
0.6593275661932204
0.6592932271277742
0.6592588988799737
0.6592245814461962
0.6591902748228204
0.6591559790062265
0.6591216939927956
0.6590874197789107
0.6590531563609556
0.6590189037353159
0.6589846618983779
0.6589504308465303
0.6589162105761618
0.6588820010836636
0.6588478023654276
0.6588136144178474
0.6587794372373175
0.658745270820234
0.6587111151629945
0.6586769702619976
0.6586428361136432
0.658608712714333
0.6585746000604695
0.658540498148457
0.6585064069747008
0.6584723265356076
0.6584382568275854
0.6584041978470437
0.6583701495903931
0.6583361120540457
0.6583020852344149
0.6582680691279154
0.658234063730963
0.6582000690399754
0.6581660850513711
0.6581321117615702
0.6580981491669937
0.6580641972640647
0.6580302560492068
0.6579963255188455
0.6579624056694072
0.6579284964973201
0.6578945979990133
0.6578607101709175
0.6578268330094643
0.6577929665110874
0.6577591106722209
0.6577252654893009
0.6576914309587644
0.6576576070770499
0.6576237938405973
0.6575899912458478
0.6575561992892438
0.6575224179672288
0.6574886472762481
0.6574548872127479
0.6574211377731765
0.657387398953982
0.6573536707516154
0.6573199531625281
0.657286246183173
0.6572525498100044
0.6572188640394778
0.6571851888680501
0.6571515242921797
0.6571178703083259
0.6570842269129495
0.6570505941025127
0.6570169718734787
0.6569833602223126
0.65694975914548
0.6569161686394488
0.656882588700687
0.6568490193256651
0.6568154605108539
0.6567819122527264
0.656748374547756
0.6567148473924183
0.6566813307831895
0.6566478247165475
0.6566143291889711
0.6565808441969412
0.6565473697369388
0.6565139058054474
0.6564804523989513
0.6564470095139356
0.6564135771468875
0.656380155294295
0.6563467439526479
0.6563133431184366
0.6562799527881533
0.6562465729582913
0.6562132036253452
0.656179844785811
0.6561464964361862
0.6561131585729688
0.6560798311926589
0.6560465142917578
0.6560132078667678
0.6559799119141921
0.6559466264305364
0.6559133514123066
0.6558800868560104
0.6558468327581566
0.6558135891152553
0.6557803559238182
0.6557471331803576
0.6557139208813879
0.6556807190234241
0.655647527602983
0.6556143466165824
0.6555811760607414
0.6555480159319804
0.6555148662268214
0.6554817269417871
0.6554485980734021
0.6554154796181916
0.6553823715726828
0.6553492739334036
0.6553161866968835
0.6552831098596533
0.6552500434182449
0.6552169873691915
0.6551839417090278
0.6551509064342895
0.6551178815415138
0.655084867027239
0.6550518628880048
0.655018869120352
0.6549858857208228
0.654952912685961
0.6549199500123111
0.6548869976964192
0.6548540557348326
0.6548211241240999
0.6547882028607708
0.6547552919413966
0.6547223913625297
0.6546895011207239
0.6546566212125338
0.6546237516345158
0.6545908923832274
0.6545580434552274
0.6545252048470757