0.6497402315216037
0.6193939978347122
0.5980393277839802
0.5829694889146808
0.5723487541646871
0.5649083693025642
0.5597566370751567
0.5562580704236939
0.5539547578067638
0.552513997937968
0.5516926502991134
0.5513123779893648
0.5512421568389865
0.5513857394665109
0.5516725652630075
0.5520511078888727
0.5524839716629689
0.5529442574237234
0.5534128584672722
0.5538764429053102
0.5543259454968786
0.5547554392627361
0.5551612911274149
0.5555415304831206
0.555895377636926
0.5562228924421132
0.5565247133197634
0.5568018642650747
0.5570556129634158
0.5572873672924863
0.5574986006099558
0.557690798579388
0.5578654220632675
0.5580238819536267
0.5581675228252466
0.5582976130639217
0.5584153397032591
0.558521806643314
0.5586180352573887
0.5587049666453958
0.5587834649828952
0.558854321559096
0.5589182592059438
0.5589759369024746
0.5590279544002883
0.5590748567622573
0.5591171387410927
0.5591552489500503
0.5591895937969491
0.559220541166507
0.5592484238459614
0.559273542696032
0.5592961695741787
0.559316550020408
0.5593349057179493
0.5593514367423295
0.55936632361291
0.5593797291610467
0.5593918002287718
0.5594026692114409
0.5594124554571629
0.5594212665351183
0.5594291993841192
0.5594363413519826
0.5594427711355164
0.559448559630164
0.5594537706976236
0.5594584618590773
0.5594626849210043
0.5594664865399559
0.5594699087320987
0.55947298933281
0.559475762411131
0.5594782586434356
0.5594805056502703
0.5594825282999447
0.5594843489821206
0.5594859878543303
0.5594874630640791
0.5594887909489309
0.5594899862167423
0.5594910621080036
0.5594920305420518
0.5594929022487476
0.5594936868870597
0.5594943931518466
0.5594950288700119
0.5594956010870831
0.5594961161451665
0.559496579753135
0.5594969970498201
0.5594973726609039
0.5594977107501389
0.5594980150654594
0.5594982889804928
0.5594985355319307
0.5594987574531693
0.5594989572045941
0.5594991370008429
0.5594992988353448