0.86
0.8333333333333334
0.8133333333333334
0.82
0.8133333333333334
0.7866666666666666
0.7666666666666667
0.7666666666666667
0.76
0.7533333333333333
0.74
0.7333333333333333
0.7333333333333333
0.72
0.7133333333333334
0.7133333333333334
0.7066666666666667
0.7
0.7
0.6866666666666666
0.6733333333333333
0.6733333333333333
0.6666666666666666
0.6666666666666666
0.66
0.66
0.6466666666666666
0.6466666666666666
0.6466666666666666
0.6466666666666666
0.6466666666666666
0.6466666666666666
0.64
0.64
0.64
0.64
0.64
0.64
0.64
0.64
0.64
0.64
0.64
0.64
0.64
0.64
0.64
0.64
0.64
0.64
0.64
0.64
0.64
0.64
0.64
0.64
0.64
0.64
0.64
0.64
0.64
0.64
0.64
0.64
0.64
0.64
0.64
0.64
0.64
0.64
0.64
0.64
0.64
0.64
0.64
0.64
0.64
0.64
0.64
0.64
0.64
0.64
0.64
0.64
0.64
0.64
0.64
0.64
0.64
0.64
0.64
0.64
0.64
0.64
0.64
0.64
0.64
0.64
0.64
0.64
0.64
0.64
0.64
0.64
0.64
0.64
0.64
0.64
0.64
0.64
0.64
0.64
0.64
0.64
0.64
0.64
0.64
0.64
0.64
0.64
0.64
0.64
0.64
0.64
0.64
0.64
0.64
0.64
0.64
0.64
0.64
0.64
0.64
0.64
0.64
0.64
0.64
0.64
0.64
0.64
0.64
0.64
0.64
0.64
0.64
0.64
0.64
0.64
0.64
0.64
0.64
0.64
0.64
0.64
0.64
0.64
0.64
0.64
0.64
0.64
0.64
0.64
0.64
0.64
0.64
0.64
0.64
0.64
0.64
0.64
0.64
0.64
0.64
0.64
0.64
0.64
0.64
0.64
0.64
0.64
0.64
0.64
0.64
0.64
0.64
0.64
0.64
0.64
0.64
0.64
0.64
0.64
0.64
0.64
0.64
0.64
0.64
0.64
0.64
0.64
0.64
0.64
0.64
0.64
0.64
0.64
0.64
0.64
0.64
0.64
0.64
0.64
0.64
0.64
0.64
0.64
0.64
0.64
0.64
0.64
0.64
0.64
0.64
0.64
0.64
0.64
0.64
0.64
0.64
0.64
0.64
0.64
0.64
0.64
0.64
0.64
0.64
0.64
0.64
0.64
0.64
0.64
0.64
0.64
0.64
0.64
0.64
0.64
0.64
0.64