0.6931020849144849
0.6930164236035488
0.6928942909790076
0.6927393866281346
0.6925550525921949
0.6923443072283868
0.6921098759881916
0.6918542193690249
0.6915795582794982
0.691287897042036
0.690981044240326
0.6906606316033471
0.6903281311026523
0.6899848704253007
0.6896320469713579
0.6892707405122867
0.6889019246347872
0.6885264770837511
0.6881451891079016
0.6877587739023928
0.6873678742340965
0.6869730693274515
0.6865748810815723
0.6861737796827421
0.6857701886704284
0.6853644895094843
0.6849570257162393
0.684548106581645
0.6841380105305412
0.6837269881523704
0.6833152649352839
0.6829030437325142
0.6824905069871047
0.6820778187385717
0.6816651264327885
0.6812525625543224
0.6808402460985887
0.6804282838994934
0.6800167718267164
0.6796057958654065
0.6791954330898102
0.6787857525412387
0.6783768160197531
0.6779686787980355
0.6775613902650856
0.6771549945066294
0.6767495308284583
0.6763450342283024
0.6759415358212959
0.6755390632235939
0.6751376408982548
0.6747372904670957
0.674338030991867
0.6739398792277638
0.6735428498519908
0.6731469556698386
0.6727522078004786
0.6723586158444748
0.6719661880348072
0.6715749313730335