0.6931020849144849
0.6930164236035488
0.6928942909790076
0.6927393866281346
0.6925550525921949
0.6923443072283868
0.6921098759881916
0.6918542193690249
0.6915795582794982
0.691287897042036
0.690981044240326
0.6906606316033471
0.6903281311026523
0.6899848704253007
0.6896320469713579
0.6892707405122867
0.6889019246347872
0.6885264770837511
0.6881451891079016
0.6877587739023928
0.6873678742340965
0.6869730693274515
0.6865748810815723
0.6861737796827421
0.6857701886704284
0.6853644895094843
0.6849570257162393
0.684548106581645
0.6841380105305412
0.6837269881523704
0.6833152649352839
0.6829030437325142
0.6824905069871047
0.6820778187385717
0.6816651264327885
0.6812525625543224
0.6808402460985887
0.6804282838994934
0.6800167718267164
0.6796057958654065
0.6791954330898102
0.6787857525412387
0.6783768160197531
0.6779686787980355
0.6775613902650856
0.6771549945066294
0.6767495308284583
0.6763450342283024
0.6759415358212959
0.6755390632235939
0.6751376408982548
0.6747372904670957
0.674338030991867
0.6739398792277638
0.6735428498519908
0.6731469556698386
0.6727522078004786
0.6723586158444748
0.6719661880348072
0.6715749313730335
0.6711848517520461
0.6707959540667457
0.6704082423138202
0.670021719681701
0.66963638863166
0.6692522509709243
0.6688693079185891
0.6684875601650397
0.6681070079255216
0.6677276509884318
0.6673494887588559
0.6669725202978117
0.6665967443576293
0.6662221594138411
0.66584876369393
0.6654765552032421
0.6651055317483459
0.6647356909580837
0.6643670303025501
0.6639995471101938
0.6636332385832335
0.6632681018115496
0.6629041337852042
0.6625413314057227
0.662179691496261
0.6618192108107651
0.6614598860422247
0.661101713830109
0.6607446907670642
0.6603888134049488
0.6600340782602658
0.6596804818190586
0.6593280205413162
0.6589766908649428
0.6586264892093274
0.6582774119785605
0.6579294555643252
0.6575826163485012
0.6572368907055054
0.6568922750043973
0.6565487656107711
0.6562063588884574
0.6558650512010508
0.6555248389132824
0.655185718392252
0.654847686008533
0.6545107381371634
0.6541748711585342
0.6538400814591853
0.653506365432517
0.6531737194794266
0.6528421400088771
0.6525116234384042
0.6521821661945696
0.6518537647133621
0.6515264154405563
0.6512001148320292
0.6508748593540419
0.6505506454834861
0.6502274697081045
0.6499053285266815
0.6495842184492117
0.6492641359970454
0.6489450777030163
0.6486270401115507
0.6483100197787605
0.6479940132725223
0.6476790171725455
0.6473650280704254
0.6470520425696891
0.64674005728583
0.6464290688463354
0.6461190738907057
0.6458100690704662
0.6455020510491756
0.6451950165024243
0.644888962117833
0.6445838845950428
0.6442797806457037
0.6439766469934591
0.6436744803739252
0.6433732775346711
0.6430730352351937
0.6427737502468901
0.6424754193530304
0.6421780393487262
0.6418816070408988
0.6415861192482453
0.6412915728012039
0.6409979645419183
0.6407052913241997
0.6404135500134905
0.6401227374868234
0.6398328506327838
0.6395438863514694
0.6392558415544493
0.6389687131647233
0.6386824981166807
0.638397193356058
0.638112795839898
0.6378293025365068
0.6375467104254116
0.6372650164973176
0.636984217754067
0.6367043112085939
0.6364252938848837
0.6361471628179284
0.635869915053685
0.6355935476490313
0.6353180576717251
0.6350434422003588
0.634769698324318
0.6344968231437391
0.6342248137694656
0.6339536673230063
0.6336833809364919
0.6334139517526338
0.6331453769246808
0.6328776536163772
0.6326107790019208
0.6323447502659212
0.6320795646033572
0.6318152192195363
0.6315517113300518
0.6312890381607421
0.6310271969476496
0.6307661849369793
0.630505999385058
0.6302466375582928
0.6299880967331312
0.6297303741960206
0.6294734672433672
0.6292173731814967
0.628962089326613
0.6287076130047595
0.6284539415517791
0.6282010723132737
0.627949002644566
0.6276977299106594
0.6274472514861992
0.6271975647554333
0.6269486671121742
0.6267005559597592
0.6264532287110126
0.6262066827882078
0.6259609156230279
0.6257159246565288
0.625471707339101
0.625228261130431
0.6249855834994654
0.6247436719243725
0.6245025238925052
0.6242621369003634
0.6240225084535582
0.6237836360667744
0.6235455172637341
0.62330814957716
0.6230715305487392
0.6228356577290872
0.6226005286777118
0.6223661409629773
0.6221324921620681
0.621899579860955
0.6216674016543574
0.6214359551457098
0.6212052379471258
0.620975247679364
0.6207459819717918
0.6205174384623524
0.6202896147975289
0.6200625086323108
0.6198361176301596
0.6196104394629744
0.619385471811058
0.6191612123630839
0.6189376588160613
0.6187148088753031
0.6184926602543911
0.6182712106751438
0.6180504578675833
0.6178303995699017
0.6176110335284286
0.6173923574975985
0.617174369239919
0.6169570665259366
0.6167404471342068
0.6165245088512599
0.6163092494715701
0.6160946667975238
0.6158807586393872
0.6156675228152757
0.6154549571511214
0.6152430594806425
0.6150318276453122
0.6148212594943271
0.6146113528845767
0.6144021056806133
0.6141935157546198
0.6139855809863803
0.61377829926325
0.6135716684801238
0.6133656865394076
0.6131603513509871
0.6129556608321987
0.6127516129077993
0.6125482055099373
0.6123454365781223
0.6121433040591969
0.6119418059073061
0.6117409400838693
0.6115407045575509
0.6113410973042318
0.6111421163069798
0.610943759556022
0.6107460250487158
0.6105489107895206
0.6103524147899699
0.6101565350686429
0.6099612696511361
0.6097666165700362
0.6095725738648922
0.6093791395821874
0.6091863117753117
0.6089940885045352
0.6088024678369802
0.6086114478465933
0.6084210266141202
0.6082312022270777
0.6080419727797262
0.6078533363730443
0.6076652911147014
0.6074778351190319
0.6072909665070078
0.6071046834062137
0.6069189839508198
0.6067338662815558
0.6065493285456859
0.606365368896982
0.6061819854956986
0.6059991765085471
0.6058169401086702
0.6056352744756166
0.6054541777953159
0.6052736482600533
0.6050936840684441
0.6049142834254103
0.604735444542154
0.6045571656361336
0.6043794449310389
0.6042022806567671
0.6040256710493976
0.6038496143511685
0.6036741088104517
0.6034991526817294
0.6033247442255699
0.6031508817086032
0.6029775634034987
0.6028047875889395
0.6026325525496005
0.6024608565761239
0.6022896979650966
0.6021190750190262
0.6019489860463185
0.601779429361254
0.6016104032839644
0.6014419061404114
0.6012739362623621
0.6011064919873674
0.6009395716587388
0.6007731736255265
0.6006072962424968
0.6004419378701091
0.6002770968744953
0.6001127716274355
0.5999489605063383
0.5997856618942169
0.5996228741796691
0.5994605957568534
0.5992988250254699
0.5991375603907363
0.5989768002633682
0.5988165430595571
0.5986567872009491
0.5984975311146234
0.5983387732330723
0.5981805119941785
0.5980227458411963
0.5978654732227288
0.5977086925927083
0.5975524024103758
0.5973966011402588
0.5972412872521535
0.5970864592211023
0.5969321155273739
0.596778254656444
0.5966248750989739
0.5964719753507918
0.5963195539128716
0.5961676092913141
0.5960161399973263
0.5958651445472024
0.5957146214623036
0.5955645692690392
0.5954149864988468
0.5952658716881731
0.5951172233784543
0.5949690401160969
0.5948213204524592
0.594674062943832
0.5945272661514189
0.5943809286413185
0.594235048984505
0.5940896257568096
0.5939446575389019
0.5938001429162715
0.5936560804792091
0.5935124688227887
0.5933693065468487
0.593226592255974
0.5930843245594776
0.5929425020713829
0.5928011234104056
0.5926601871999347
0.5925196920680171
0.5923796366473371
0.5922400195752
0.5921008394935147
0.5919620950487757
0.5918237848920458
0.5916859076789384
0.5915484620696003
0.5914114467286951
0.5912748603253843
0.5911387015333127
0.5910029690305889
0.59086766149977
0.5907327776278438
0.5905983161062125
0.5904642756306754
0.5903306549014126
0.5901974526229689
0.5900646675042359
0.5899322982584366
0.5898003436031093
0.5896688022600897
0.5895376729554959
0.5894069544197122
0.5892766453873727
0.5891467445973446
0.5890172507927137
0.5888881627207668
0.5887594791329775
0.5886311987849884
0.5885033204365976
0.5883758428517414
0.5882487647984797
0.5881220850489791
0.5879958023794997
0.5878699155703773
0.5877444234060096
0.5876193246748408
0.5874946181693456
0.5873703026860143
0.587246377025339
0.5871228399917965
0.586999690393835
0.5868769270438584
0.5867545487582115
0.5866325543571661
0.5865109426649049
0.5863897125095082
0.5862688627229381
0.586148392141025
0.5860282996034528
0.5859085839537442
0.5857892440392466
0.5856702787111185
0.5855516868243137
0.5854334672375685
0.5853156188133872
0.585198140418028
0.5850810309214891
0.5849642891974948
0.5848479141234814
0.5847319045805838
0.584616259453621
0.5845009776310839
0.5843860580051196
0.5842714994715199
0.5841573009297065
0.5840434612827173
0.5839299794371945
0.5838168543033695
0.5837040847950506
0.5835916698296103
0.5834796083279702
0.5833678992145899
0.5832565414174524
0.5831455338680528
0.5830348755013833
0.5829245652559217
0.5828146020736181
0.5827049848998819
0.5825957126835697
0.5824867843769718
0.5823781989358
0.5822699553191751
0.582162052489614
0.5820544894130175
0.5819472650586575
0.5818403783991651
0.5817338284105182
0.5816276140720289
0.5815217343663313
0.5814161882793694
0.5813109748003852
0.5812060929219064
0.5811015416397343
0.5809973199529319
0.5808934268638122
0.5807898613779257
0.5806866225040491
0.5805837092541738
0.5804811206434931
0.5803788556903914
0.5802769134164324
0.5801752928463471
0.5800739930080233
0.5799730129324923
0.5798723516539193
0.5797720082095909
0.5796719816399041
0.5795722709883551
0.5794728753015278
0.5793737936290825
0.5792750250237448
0.5791765685412954
0.579078423240557
0.5789805881833853
0.5788830624346568