0.86
0.84
0.82
0.8133333333333334
0.7666666666666667
0.7333333333333333
0.6533333333333333
0.58
0.5266666666666666
0.5133333333333333
0.5133333333333333
0.5133333333333333
0.5133333333333333
0.5666666666666667
0.6733333333333333
0.7533333333333333
0.8
0.8133333333333334
0.82
0.7933333333333333
0.76
0.6733333333333333
0.6
0.5666666666666667
0.5666666666666667
0.58
0.6
0.62
0.6333333333333333
0.6333333333333333
0.6333333333333333
0.6333333333333333
0.6266666666666667
0.6066666666666667
0.6066666666666667
0.6133333333333333
0.64
0.6533333333333333
0.6933333333333334
0.7066666666666667
0.6933333333333334
0.6933333333333334
0.68
0.6466666666666666
0.64
0.62
0.5933333333333334
0.5933333333333334
0.5933333333333334
0.6066666666666667
0.6266666666666667
0.64
0.64
0.6466666666666666
0.66
0.6466666666666666
0.64
0.64
0.64
0.64
0.64
0.64
0.64
0.64
0.64
0.64
0.64
0.64
0.64
0.6266666666666667
0.6266666666666667
0.6266666666666667
0.64
0.64
0.64
0.64
0.64
0.64
0.64
0.64
0.64
0.64
0.64
0.64
0.64
0.64
0.64
0.64
0.64
0.64
0.64
0.64
0.64
0.64
0.64
0.64
0.64
0.64
0.64
0.64