0.6931020849144849
0.6930164236035488
0.6928942909790076
0.6927393866281346
0.6925550525921949
0.6923443072283868
0.6921098759881916
0.6918542193690249
0.6915795582794982
0.691287897042036
0.690981044240326
0.6906606316033471
0.6903281311026523
0.6899848704253007
0.6896320469713579
0.6892707405122867
0.6889019246347872
0.6885264770837511
0.6881451891079016
0.6877587739023928
0.6873678742340965
0.6869730693274515
0.6865748810815723
0.6861737796827421
0.6857701886704284
0.6853644895094843
0.6849570257162393
0.684548106581645
0.6841380105305412
0.6837269881523704
0.6833152649352839
0.6829030437325142
0.6824905069871047
0.6820778187385717
0.6816651264327885
0.6812525625543224
0.6808402460985887
0.6804282838994934
0.6800167718267164
0.6796057958654065
0.6791954330898102
0.6787857525412387
0.6783768160197531
0.6779686787980355
0.6775613902650856
0.6771549945066294
0.6767495308284583
0.6763450342283024
0.6759415358212959
0.6755390632235939
0.6751376408982548
0.6747372904670957
0.674338030991867
0.6739398792277638
0.6735428498519908
0.6731469556698386
0.6727522078004786
0.6723586158444748
0.6719661880348072
0.6715749313730335
0.6711848517520461
0.6707959540667457
0.6704082423138202
0.670021719681701
0.66963638863166
0.6692522509709243
0.6688693079185891
0.6684875601650397
0.6681070079255216
0.6677276509884318
0.6673494887588559
0.6669725202978117
0.6665967443576293
0.6662221594138411
0.66584876369393
0.6654765552032421
0.6651055317483459
0.6647356909580837
0.6643670303025501
0.6639995471101938
0.6636332385832335
0.6632681018115496
0.6629041337852042
0.6625413314057227
0.662179691496261
0.6618192108107651
0.6614598860422247
0.661101713830109
0.6607446907670642
0.6603888134049488
0.6600340782602658
0.6596804818190586
0.6593280205413162
0.6589766908649428
0.6586264892093274
0.6582774119785605
0.6579294555643252
0.6575826163485012
0.6572368907055054
0.6568922750043973
0.6565487656107711
0.6562063588884574
0.6558650512010508
0.6555248389132824
0.655185718392252
0.654847686008533
0.6545107381371634
0.6541748711585342
0.6538400814591853
0.653506365432517
0.6531737194794266
0.6528421400088771
0.6525116234384042
0.6521821661945696
0.6518537647133621
0.6515264154405563
0.6512001148320292
0.6508748593540419
0.6505506454834861
0.6502274697081045
0.6499053285266815
0.6495842184492117
0.6492641359970454
0.6489450777030163
0.6486270401115507
0.6483100197787605
0.6479940132725223
0.6476790171725455
0.6473650280704254
0.6470520425696891
0.64674005728583
0.6464290688463354
0.6461190738907057
0.6458100690704662
0.6455020510491756
0.6451950165024243
0.644888962117833
0.6445838845950428
0.6442797806457037
0.6439766469934591
0.6436744803739252
0.6433732775346711
0.6430730352351937
0.6427737502468901
0.6424754193530304
0.6421780393487262
0.6418816070408988
0.6415861192482453
0.6412915728012039
0.6409979645419183
0.6407052913241997
0.6404135500134905
0.6401227374868234
0.6398328506327838
0.6395438863514694
0.6392558415544493
0.6389687131647233
0.6386824981166807
0.638397193356058
0.638112795839898
0.6378293025365068
0.6375467104254116
0.6372650164973176
0.636984217754067
0.6367043112085939
0.6364252938848837
0.6361471628179284
0.635869915053685
0.6355935476490313
0.6353180576717251
0.6350434422003588
0.634769698324318
0.6344968231437391
0.6342248137694656
0.6339536673230063
0.6336833809364919
0.6334139517526338
0.6331453769246808
0.6328776536163772
0.6326107790019208
0.6323447502659212
0.6320795646033572
0.6318152192195363
0.6315517113300518
0.6312890381607421
0.6310271969476496
0.6307661849369793
0.630505999385058
0.6302466375582928
0.6299880967331312
0.6297303741960206
0.6294734672433672
0.6292173731814967
0.628962089326613
0.6287076130047595
0.6284539415517791
0.6282010723132737
0.627949002644566
0.6276977299106594
0.6274472514861992
0.6271975647554333
0.6269486671121742
0.6267005559597592
0.6264532287110126
0.6262066827882078
0.6259609156230279
0.6257159246565288
0.625471707339101
0.625228261130431
0.6249855834994654
0.6247436719243725
0.6245025238925052
0.6242621369003634
0.6240225084535582
0.6237836360667744
0.6235455172637341
0.62330814957716
0.6230715305487392
0.6228356577290872
0.6226005286777118
0.6223661409629773
0.6221324921620681
0.621899579860955
0.6216674016543574
0.6214359551457098
0.6212052379471258
0.620975247679364
0.6207459819717918
0.6205174384623524
0.6202896147975289
0.6200625086323108
0.6198361176301596
0.6196104394629744
0.619385471811058
0.6191612123630839
0.6189376588160613
0.6187148088753031
0.6184926602543911
0.6182712106751438
0.6180504578675833
0.6178303995699017
0.6176110335284286
0.6173923574975985
0.617174369239919
0.6169570665259366
0.6167404471342068
0.6165245088512599
0.6163092494715701
0.6160946667975238
0.6158807586393872
0.6156675228152757
0.6154549571511214
0.6152430594806425
0.6150318276453122
0.6148212594943271
0.6146113528845767
0.6144021056806133
0.6141935157546198
0.6139855809863803
0.61377829926325
0.6135716684801238
0.6133656865394076
0.6131603513509871
0.6129556608321987
0.6127516129077993
0.6125482055099373
0.6123454365781223
0.6121433040591969
0.6119418059073061
0.6117409400838693
0.6115407045575509
0.6113410973042318
0.6111421163069798
0.610943759556022
0.6107460250487158
0.6105489107895206
0.6103524147899699
0.6101565350686429
0.6099612696511361
0.6097666165700362
0.6095725738648922
0.6093791395821874
0.6091863117753117
0.6089940885045352
0.6088024678369802
0.6086114478465933
0.6084210266141202
0.6082312022270777
0.6080419727797262
0.6078533363730443
0.6076652911147014
0.6074778351190319
0.6072909665070078
0.6071046834062137
0.6069189839508198
0.6067338662815558
0.6065493285456859
0.606365368896982
0.6061819854956986
0.6059991765085471
0.6058169401086702
0.6056352744756166
0.6054541777953159
0.6052736482600533
0.6050936840684441
0.6049142834254103
0.604735444542154
0.6045571656361336
0.6043794449310389
0.6042022806567671
0.6040256710493976
0.6038496143511685
0.6036741088104517
0.6034991526817294
0.6033247442255699
0.6031508817086032
0.6029775634034987
0.6028047875889395
0.6026325525496005
0.6024608565761239
0.6022896979650966
0.6021190750190262
0.6019489860463185
0.601779429361254
0.6016104032839644
0.6014419061404114
0.6012739362623621
0.6011064919873674
0.6009395716587388
0.6007731736255265
0.6006072962424968
0.6004419378701091
0.6002770968744953
0.6001127716274355
0.5999489605063383
0.5997856618942169
0.5996228741796691
0.5994605957568534
0.5992988250254699
0.5991375603907363
0.5989768002633682
0.5988165430595571
0.5986567872009491
0.5984975311146234
0.5983387732330723
0.5981805119941785
0.5980227458411963
0.5978654732227288
0.5977086925927083
0.5975524024103758
0.5973966011402588
0.5972412872521535
0.5970864592211023
0.5969321155273739
0.596778254656444
0.5966248750989739
0.5964719753507918
0.5963195539128716
0.5961676092913141
0.5960161399973263
0.5958651445472024
0.5957146214623036
0.5955645692690392
0.5954149864988468
0.5952658716881731
0.5951172233784543
0.5949690401160969
0.5948213204524592
0.594674062943832
0.5945272661514189
0.5943809286413185
0.594235048984505
0.5940896257568096
0.5939446575389019
0.5938001429162715
0.5936560804792091
0.5935124688227887
0.5933693065468487
0.593226592255974
0.5930843245594776
0.5929425020713829
0.5928011234104056
0.5926601871999347
0.5925196920680171
0.5923796366473371
0.5922400195752
0.5921008394935147
0.5919620950487757
0.5918237848920458
0.5916859076789384
0.5915484620696003
0.5914114467286951
0.5912748603253843
0.5911387015333127
0.5910029690305889
0.59086766149977
0.5907327776278438
0.5905983161062125
0.5904642756306754
0.5903306549014126
0.5901974526229689
0.5900646675042359
0.5899322982584366
0.5898003436031093
0.5896688022600897
0.5895376729554959
0.5894069544197122
0.5892766453873727
0.5891467445973446
0.5890172507927137
0.5888881627207668
0.5887594791329775
0.5886311987849884
0.5885033204365976
0.5883758428517414
0.5882487647984797
0.5881220850489791
0.5879958023794997
0.5878699155703773
0.5877444234060096
0.5876193246748408
0.5874946181693456
0.5873703026860143
0.587246377025339
0.5871228399917965
0.586999690393835
0.5868769270438584
0.5867545487582115
0.5866325543571661
0.5865109426649049
0.5863897125095082
0.5862688627229381
0.586148392141025
0.5860282996034528
0.5859085839537442
0.5857892440392466
0.5856702787111185
0.5855516868243137
0.5854334672375685
0.5853156188133872
0.585198140418028
0.5850810309214891
0.5849642891974948
0.5848479141234814
0.5847319045805838
0.584616259453621
0.5845009776310839
0.5843860580051196
0.5842714994715199
0.5841573009297065
0.5840434612827173
0.5839299794371945
0.5838168543033695
0.5837040847950506
0.5835916698296103
0.5834796083279702
0.5833678992145899
0.5832565414174524
0.5831455338680528
0.5830348755013833
0.5829245652559217
0.5828146020736181
0.5827049848998819
0.5825957126835697
0.5824867843769718
0.5823781989358
0.5822699553191751
0.582162052489614
0.5820544894130175
0.5819472650586575
0.5818403783991651
0.5817338284105182
0.5816276140720289
0.5815217343663313
0.5814161882793694
0.5813109748003852
0.5812060929219064
0.5811015416397343
0.5809973199529319
0.5808934268638122
0.5807898613779257
0.5806866225040491
0.5805837092541738
0.5804811206434931
0.5803788556903914
0.5802769134164324
0.5801752928463471
0.5800739930080233
0.5799730129324923
0.5798723516539193
0.5797720082095909
0.5796719816399041
0.5795722709883551
0.5794728753015278
0.5793737936290825
0.5792750250237448
0.5791765685412954
0.579078423240557
0.5789805881833853
0.5788830624346568
0.5787858450622584
0.5786889351370762
0.578592331732985
0.5784960339268366
0.5784000407984505
0.5783043514306022
0.5782089649090121
0.5781138803223361
0.5780190967621543
0.5779246133229602
0.5778304291021509
0.5777365432000157
0.5776429547197265
0.5775496627673279
0.5774566664517248
0.5773639648846745
0.5772715571807748
0.5771794424574546
0.5770876198349633
0.5769960884363612
0.576904847387509
0.5768138958170574
0.5767232328564383
0.576632857639854
0.5765427693042662
0.5764529669893889
0.5763634498376758
0.5762742169943122
0.5761852676072048
0.5760966008269711
0.5760082158069313
0.5759201117030972
0.5758322876741638
0.5757447428814988
0.5756574764891336
0.5755704876637531
0.5754837755746877
0.5753973393939024
0.5753111782959883
0.5752252914581524
0.5751396780602097
0.5750543372845724
0.574969268316242
0.5748844703427988
0.574799942554394
0.5747156841437402
0.5746316943061014
0.5745479722392853
0.5744645171436336
0.5743813282220132
0.574298404679807
0.5742157457249054
0.5741333505676974
0.5740512184210615
0.5739693485003569
0.573887740023415
0.5738063922105308
0.5737253042844538
0.5736444754703796
0.5735639049959411
0.5734835920912001
0.5734035359886392
0.5733237359231519
0.5732441911320357
0.5731649008549827
0.5730858643340717
0.5730070808137594
0.5729285495408722
0.5728502697645981
0.5727722407364783
0.5726944617103985
0.5726169319425818
0.5725396506915792
0.5724626172182625
0.5723858307858156
0.5723092906597266
0.5722329961077798
0.5721569464000474
0.5720811408088822
0.5720055786089089
0.5719302590770162
0.5718551814923498
0.5717803451363034
0.5717057492925117
0.5716313932468421
0.5715572762873871
0.5714833977044567
0.5714097567905708
0.5713363528404511
0.5712631851510135
0.5711902530213606
0.5711175557527749
0.5710450926487095
0.5709728630147826
0.5709008661587681
0.5708291013905894
0.5707575680223119
0.5706862653681349
0.5706151927443848
0.5705443494695072
0.5704737348640606
0.5704033482507079
0.57033318895421
0.5702632563014182
0.5701935496212667
0.5701240682447664
0.5700548115049967
0.5699857787370991
0.5699169692782693
0.5698483824677512
0.5697800176468292
0.5697118741588209
0.5696439513490712
0.5695762485649438
0.5695087651558163
0.5694415004730708
0.5693744538700894
0.5693076247022462
0.5692410123268996
0.569174616103388
0.5691084353930204
0.569042469559071
0.5689767179667726
0.5689111799833098
0.5688458549778113
0.5687807423213446
0.5687158413869088
0.5686511515494282
0.5685866721857457
0.5685224026746157
0.5684583423966986
0.5683944907345535
0.5683308470726324
0.5682674107972729
0.5682041812966926
0.5681411579609827
0.5680783401821006
0.5680157273538651
0.5679533188719487
0.5678911141338724
0.5678291125389988
0.5677673134885258
0.5677057163854808
0.5676443206347145
0.5675831256428943
0.5675221308184982
0.5674613355718094
0.5674007393149096
0.5673403414616727
0.5672801414277594
0.5672201386306105
0.5671603324894418
0.5671007224252368
0.5670413078607426
0.5669820882204616
0.566923062930648
0.5668642314193
0.5668055931161549
0.5667471474526835
0.5666888938620835
0.5666308317792741
0.5665729606408899
0.5665152798852762
0.5664577889524814
0.5664004872842535
0.5663433743240325
0.5662864495169458
0.5662297123098023
0.5661731621510869
0.5661167984909545
0.5660606207812245
0.5660046284753761
0.5659488210285415
0.565893197897501
0.5658377585406779
0.5657825024181318
0.5657274289915547
0.5656725377242644
0.5656178280811995
0.5655632995289139
0.5655089515355721
0.5654547835709426
0.5654007951063934
0.5653469856148866
0.565293354570973
0.5652399014507868
0.5651866257320406
0.5651335268940196
0.5650806044175772
0.5650278577851289
0.5649752864806478
0.5649228899896596
0.564870667799236
0.5648186193979924
0.5647667442760794
0.5647150419251801
0.5646635118385046
0.5646121535107849
0.5645609664382685
0.5645099501187157
0.5644591040513932
0.5644084277370695
0.5643579206780095
0.5643075823779704
0.5642574123421965
0.5642074100774136
0.564157575091825
0.5641079068951065
0.5640584049984014
0.5640090689143153
0.5639598981569122
0.5639108922417088
0.5638620506856702
0.5638133730072055
0.5637648587261623
0.5637165073638224
0.5636683184428972
0.5636202914875229
0.5635724260232556
0.5635247215770672
0.5634771776773403
0.5634297938538638
0.5633825696378282
0.5633355045618212
0.5632885981598231
0.563241849967202
0.5631952595207097
0.5631488263584767
0.5631025500200086
0.5630564300461801
0.5630104659792323
0.5629646573627671
0.5629190037417429
0.5628735046624708
0.5628281596726092
0.5627829683211609
0.5627379301584671
0.5626930447362042
0.5626483116073789
0.5626037303263246
0.5625593004486957
0.5625150215314652
0.5624708931329185
0.5624269148126513
0.5623830861315628
0.562339406651854
0.5622958759370218
0.5622524935518554
0.5622092590624322
0.5621661720361139
0.5621232320415411
0.5620804386486312
0.5620377914285722
0.5619952899538206
0.561952933798095
0.5619107225363749
0.5618686557448935
0.5618267330011365
0.5617849538838362
0.5617433179729685
0.5617018248497482
0.5616604740966255
0.5616192652972817
0.561578198036626
0.5615372719007907
0.5614964864771272
0.5614558413542035
0.5614153361217983
0.5613749703708983
0.5613347436936948
0.5612946556835788
0.5612547059351376
0.5612148940441508
0.5611752196075869
0.561135682223599
0.5610962814915219
0.561057017011867
0.5610178883863197
0.5609788952177349
0.560940037110134
0.5609013136687006
0.5608627244997767
0.5608242692108599
0.5607859474105985
0.5607477587087891
0.5607097027163722
0.560671779045428
0.5606339873091744
0.5605963271219618
0.5605587980992707
0.5605213998577073
0.5604841320150004
0.5604469941899972
0.560409986002661
0.5603731070740664
0.5603363570263964
0.5602997354829387
0.5602632420680824
0.5602268764073144
0.5601906381272161
0.5601545268554594
0.5601185422208039
0.5600826838530933
0.5600469513832516
0.5600113444432804
0.5599758626662547
0.5599405056863201
0.5599052731386894
0.5598701646596389
0.5598351798865053
0.5598003184576822
0.5597655800126169
0.5597309641918076
0.5596964706367987
0.559662098990179
0.5596278488955778
0.5595937199976613
0.5595597119421302
0.5595258243757153
0.5594920569461758
0.5594584093022943
0.5594248810938753
0.5593914719717407
0.5593581815877274
0.5593250095946837
0.5592919556464667
0.5592590193979378
0.5592262005049614
0.5591934986244008
0.559160913414115
0.5591284445329552
0.5590960916407633
0.5590638543983671
0.5590317324675783
0.5589997255111886
0.5589678331929672
0.558936055177658
0.5589043911309758
0.5588728407196039
0.5588414036111911
0.5588100794743479
0.5587788679786448
0.5587477687946083
0.5587167815937177
0.5586859060484041
0.5586551418320442
0.5586244886189612
0.558593946084418
0.5585635139046177
0.5585331917566984
0.5585029793187309
0.5584728762697165
0.5584428822895836
0.5584129970591843
0.5583832202602929
0.5583535515756012
0.5583239906887175
0.5582945372841628
0.558265191047368
0.5582359516646715
0.558206818823316
0.5581777922114458
0.5581488715181043
0.558120056433231
0.5580913466476581
0.5580627418531097
0.5580342417421967
0.5580058460084159
0.5579775543461455
0.5579493664506444
0.5579212820180481
0.5578933007453668
0.5578654223304818
0.5578376464721434
0.5578099728699685
0.5577824012244376
0.5577549312368921
0.5577275626095318
0.5577002950454122
0.557673128248442
0.5576460619233801
0.5576190957758334
0.5575922295122546
0.5575654628399387
0.5575387954670206
0.557512227102473
0.5574857574561041
0.5574593862385538
0.5574331131612927
0.5574069379366178
0.5573808602776521
0.55735487989834
0.5573289965134466
0.5573032098385536
0.5572775195900581
0.5572519254851693
0.5572264272419066
0.5572010245790968
0.5571757172163712
0.5571505048741644
0.5571253872737107
0.5571003641370422
0.5570754351869861
0.5570506001471626
0.5570258587419826
0.5570012106966448
0.5569766557371331
0.5569521935902156
0.5569278239834405
0.5569035466451353
0.556879361304403
0.5568552676911207
0.5568312655359373
0.5568073545702704
0.5567835345263046
0.5567598051369891
0.5567361661360354
0.5567126172579144
0.5566891582378554
0.5566657888118424
0.5566425087166127
0.5566193176896544
0.5565962154692042
0.5565732017942446
0.5565502764045028
0.5565274390404472
0.5565046894432862
0.5564820273549651
0.5564594525181646
0.5564369646762981
0.5564145635735095
0.5563922489546719
0.5563700205653839
0.5563478781519687
0.5563258214614716
0.5563038502416566
0.5562819642410068
0.5562601632087196
0.5562384468947066
0.5562168150495896
0.5561952674247006
0.5561738037720776
0.556152423844464
0.5561311273953051
0.5561099141787478
0.5560887839496371
0.5560677364635143
0.5560467714766147
0.5560258887458667
0.5560050880288882
0.5559843690839856
0.5559637316701512
0.5559431755470615
0.5559227004750746
0.5559023062152288
0.5558819925292406
0.5558617591795021
0.5558416059290787
0.5558215325417092
0.5558015387818012
0.5557816244144296
0.5557617892053369
0.5557420329209283
0.5557223553282711
0.5557027561950927
0.5556832352897788
0.5556637923813708
0.5556444272395642
0.5556251396347068
0.555605929337797
0.5555867961204805
0.5555677397550505
0.5555487600144439
0.5555298566722406
0.5555110295026612
0.5554922782805642
0.5554736027814464
0.5554550027814381
0.555436478057304
0.5554180283864389
0.5553996535468677
0.5553813533172428
0.5553631274768416
0.5553449758055659
0.5553268980839391
0.5553088940931052
0.5552909636148261
0.5552731064314799
0.55525532232606
0.5552376110821723
0.5552199724840333
0.5552024063164696
0.5551849123649145
0.5551674904154072
0.555150140254591
0.5551328616697108
0.555115654448612
0.5550985183797384
0.5550814532521313
0.555064458855426