0.86
0.86
0.86
0.86
0.86
0.86
0.86
0.86
0.86
0.86
0.86
0.86
0.86
0.86
0.86
0.86
0.86
0.86
0.86
0.86
0.86
0.86
0.86
0.8533333333333334
0.8533333333333334
0.8533333333333334
0.8533333333333334
0.8533333333333334
0.8533333333333334
0.8466666666666667
0.8466666666666667
0.8466666666666667
0.84
0.84
0.84
0.84
0.84
0.84
0.84
0.84
0.84
0.84
0.84
0.84
0.84
0.84
0.84
0.84
0.84
0.84
0.84
0.84
0.84
0.84
0.84
0.84
0.84
0.84
0.84
0.84
0.84
0.84
0.84
0.84
0.84
0.84
0.84
0.84
0.84
0.84
0.84
0.84
0.84
0.84
0.84
0.84
0.84
0.84
0.84
0.84
0.84
0.84
0.84
0.84
0.84
0.84
0.84
0.84
0.84
0.84
0.84
0.84
0.84
0.84
0.84
0.84
0.84
0.84
0.84
0.84
0.84
0.84
0.84
0.84
0.84
0.84
0.84
0.84
0.84
0.84
0.84
0.84
0.84
0.84
0.84
0.84
0.84
0.84
0.84
0.84
0.84
0.84
0.8333333333333334
0.8333333333333334
0.8333333333333334
0.8333333333333334
0.8333333333333334
0.8333333333333334
0.8333333333333334
0.8333333333333334
0.8333333333333334
0.8333333333333334
0.8333333333333334
0.8333333333333334
0.8333333333333334
0.8333333333333334
0.8333333333333334
0.8333333333333334
0.8333333333333334
0.8333333333333334
0.8333333333333334
0.8333333333333334
0.8333333333333334
0.8333333333333334
0.8333333333333334
0.8333333333333334
0.8333333333333334
0.8333333333333334
0.8333333333333334
0.8333333333333334
0.8333333333333334
0.8333333333333334
0.8333333333333334
0.8333333333333334
0.8333333333333334
0.8333333333333334
0.8333333333333334
0.8333333333333334
0.8333333333333334
0.8333333333333334
0.8333333333333334
0.8333333333333334
0.8333333333333334
0.8333333333333334
0.8333333333333334
0.8333333333333334
0.8333333333333334
0.8333333333333334
0.8333333333333334
0.8333333333333334
0.8333333333333334
0.8333333333333334
0.8333333333333334
0.8333333333333334
0.8333333333333334
0.8333333333333334
0.8333333333333334
0.8333333333333334
0.8266666666666667
0.8266666666666667
0.8266666666666667
0.82
0.82
0.82
0.82
0.82
0.82
0.82
0.82
0.82
0.82
0.82
0.82
0.82
0.82
0.82
0.82
0.82
0.82
0.82
0.82
0.82
0.82
0.82
0.82
0.82
0.82
0.82
0.82
0.82
0.82
0.82
0.82
0.82
0.82
0.82
0.82
0.82
0.82
0.82
0.82
0.82
0.8133333333333334
0.8133333333333334
0.8133333333333334
0.8133333333333334
0.8133333333333334
0.8133333333333334
0.8133333333333334
0.8133333333333334
0.8133333333333334
0.8133333333333334
0.8133333333333334
0.8133333333333334
0.8133333333333334
0.8133333333333334
0.8133333333333334
0.8133333333333334
0.8133333333333334
0.8133333333333334
0.8133333333333334
0.8133333333333334
0.8133333333333334
0.8133333333333334
0.8133333333333334
0.8133333333333334
0.8133333333333334
0.8133333333333334
0.8133333333333334
0.8133333333333334