0.6497402315216037
0.6193939978347122
0.5980393277839802
0.5829694889146808
0.5723487541646871
0.5649083693025642
0.5597566370751567
0.5562580704236939
0.5539547578067638
0.552513997937968
0.5516926502991134
0.5513123779893648
0.5512421568389865
0.5513857394665109
0.5516725652630075
0.5520511078888727
0.5524839716629689
0.5529442574237234
0.5534128584672722
0.5538764429053102
0.5543259454968786
0.5547554392627361
0.5551612911274149
0.5555415304831206
0.555895377636926
0.5562228924421132
0.5565247133197634
0.5568018642650747
0.5570556129634158
0.5572873672924863
0.5574986006099558
0.557690798579388
0.5578654220632675
0.5580238819536267
0.5581675228252466
0.5582976130639217
0.5584153397032591
0.558521806643314
0.5586180352573887
0.5587049666453958
0.5587834649828952
0.558854321559096
0.5589182592059438
0.5589759369024746
0.5590279544002883
0.5590748567622573
0.5591171387410927
0.5591552489500503
0.5591895937969491
0.559220541166507
0.5592484238459614
0.559273542696032
0.5592961695741787
0.559316550020408
0.5593349057179493
0.5593514367423295
0.55936632361291
0.5593797291610467
0.5593918002287718
0.5594026692114409
0.5594124554571629
0.5594212665351183
0.5594291993841192
0.5594363413519826
0.5594427711355164
0.559448559630164
0.5594537706976236
0.5594584618590773
0.5594626849210043
0.5594664865399559
0.5594699087320987
0.55947298933281
0.559475762411131
0.5594782586434356
0.5594805056502703
0.5594825282999447
0.5594843489821206
0.5594859878543303
0.5594874630640791
0.5594887909489309
0.5594899862167423
0.5594910621080036
0.5594920305420518
0.5594929022487476
0.5594936868870597
0.5594943931518466
0.5594950288700119
0.5594956010870831
0.5594961161451665
0.559496579753135
0.5594969970498201
0.5594973726609039
0.5594977107501389
0.5594980150654594
0.5594982889804928
0.5594985355319307
0.5594987574531693
0.5594989572045941
0.5594991370008429
0.5594992988353448
0.5594994445024125
0.5594995756171284
0.5594996936332433
0.559499799859291
0.5594998954730922
0.5594999815348102
0.5595000589987026
0.559500128723701
0.5595001914829316
0.559500247972287
0.5595002988181413
0.5595003445842943
0.5595003857782215
0.5595004228567023
0.5595004562308831
0.5595004862708358
0.5595005133096622
0.5595005376471861
0.5595005595532779
0.559500579270848
0.5595005970185387
0.5595006129931492
0.5595006273718184
0.5595006403139876
0.5595006519631701
0.559500662448541
0.5595006718863708
0.5595006803813135
0.5595006880275685
0.5595006949099236
0.5595007011046962
0.5595007066805789
0.5595007116994024
0.5595007162168194
0.5595007202829231
0.5595007239428018
0.5595007272370396
0.5595007302021656
0.5595007328710604
0.5595007352733183
0.5595007374355783
0.5595007393818171
0.5595007411336163
0.5595007427104015
0.5595007441296578
0.5595007454071227
0.5595007465569621
0.5595007475919266
0.5595007485234926
0.5595007493619903
0.5595007501167177
0.5595007507960437
0.5595007514075016
0.5595007519578714
0.5595007524532565
0.5595007528991499
0.5595007533004964
0.5595007536617461
0.5595007539869048
0.5595007542795788
0.5595007545430128
0.5595007547801286
0.5595007549935551
0.5595007551856593
0.5595007553585712
0.5595007555142085
0.5595007556542966
0.5595007557803892
0.5595007558938844
0.5595007559960409
0.5595007560879914
0.5595007561707555
0.5595007562452511
0.5595007563123042
0.5595007563726583
0.5595007564269827
0.5595007564758797
0.559500756519892
0.5595007565595069
0.5595007565951642
0.5595007566272591
0.5595007566561476
0.5595007566821498
0.5595007567055544
0.5595007567266207
0.5595007567455824
0.5595007567626498
0.5595007567780119
0.5595007567918395
0.5595007568042855
0.559500756815488
0.5595007568255713
0.5595007568346474
0.5595007568428166
0.5595007568501698
0.5595007568567882
0.5595007568627456
0.5595007568681076
0.5595007568729341
0.5595007568772782
0.5595007568811885
0.559500756884708
0.559500756887876
0.5595007568907274
0.559500756893294
0.5595007568956042
0.5595007568976833
0.5595007568995549
0.5595007569012398
0.559500756902756
0.5595007569041208
0.5595007569053494
0.5595007569064551
0.5595007569074504
0.5595007569083463
0.5595007569091526
0.5595007569098785
0.5595007569105316
0.5595007569111198
0.559500756911649
0.5595007569121253
0.5595007569125541
0.5595007569129401
0.5595007569132876
0.5595007569136002
0.5595007569138816
0.559500756914135
0.5595007569143631
0.5595007569145682
0.559500756914753
0.5595007569149194
0.559500756915069
0.5595007569152037
0.5595007569153249
0.5595007569154341
0.5595007569155324
0.5595007569156206
0.5595007569157002
0.5595007569157721
0.5595007569158365
0.5595007569158944
0.5595007569159467
0.5595007569159937
0.5595007569160361
0.559500756916074
0.5595007569161086
0.5595007569161393
0.5595007569161671
0.559500756916192
0.5595007569162146
0.5595007569162348
0.5595007569162531
0.5595007569162695
0.5595007569162842
0.5595007569162976
0.5595007569163095
0.5595007569163204
0.55950075691633
0.5595007569163387
0.5595007569163466
0.5595007569163537
0.55950075691636
0.5595007569163658
0.5595007569163709
0.5595007569163756
0.5595007569163799
0.5595007569163835
0.5595007569163869
0.55950075691639
0.5595007569163928
0.5595007569163952
0.5595007569163973
0.5595007569163993
0.5595007569164012
0.5595007569164028
0.5595007569164042
0.5595007569164057
0.5595007569164068
0.5595007569164079
0.5595007569164088
0.5595007569164098
0.5595007569164104
0.5595007569164111
0.5595007569164117
0.5595007569164123
0.5595007569164129
0.5595007569164132
0.5595007569164138
0.559500756916414
0.5595007569164145
0.5595007569164148
0.5595007569164149
0.5595007569164153
0.5595007569164154
0.5595007569164157
0.5595007569164159
0.5595007569164161
0.5595007569164162
0.5595007569164164
0.5595007569164164
0.5595007569164165
0.5595007569164167
0.5595007569164168
0.5595007569164168
0.5595007569164168
0.559500756916417
0.559500756916417
0.559500756916417
0.5595007569164171
0.5595007569164171
0.5595007569164171
0.5595007569164171
0.5595007569164172
0.5595007569164172
0.5595007569164172
0.5595007569164172
0.5595007569164172
0.5595007569164173
0.5595007569164173
0.5595007569164173
0.5595007569164174
0.5595007569164174
0.5595007569164174
0.5595007569164174
0.5595007569164174
0.5595007569164174
0.5595007569164174
0.5595007569164174
0.5595007569164174
0.5595007569164174
0.5595007569164174
0.5595007569164174
0.5595007569164174
0.5595007569164174
0.5595007569164174
0.5595007569164174
0.5595007569164174
0.5595007569164174
0.5595007569164174
0.5595007569164174
0.5595007569164174
0.5595007569164174
0.5595007569164174
0.5595007569164174
0.5595007569164174
0.5595007569164174
0.5595007569164174
0.5595007569164174
0.5595007569164174
0.5595007569164174
0.5595007569164174
0.5595007569164174
0.5595007569164174
0.5595007569164174
0.5595007569164174
0.5595007569164174
0.5595007569164174
0.5595007569164174
0.5595007569164174
0.5595007569164174
0.5595007569164174
0.5595007569164174
0.5595007569164174
0.5595007569164174
0.5595007569164174
0.5595007569164174
0.5595007569164174
0.5595007569164174
0.5595007569164174
0.5595007569164174
0.5595007569164174
0.5595007569164174
0.5595007569164174
0.5595007569164174
0.5595007569164174
0.5595007569164174
0.5595007569164174
0.5595007569164174
0.5595007569164174
0.5595007569164174
0.5595007569164174
0.5595007569164174
0.5595007569164174
0.5595007569164174
0.5595007569164174
0.5595007569164174
0.5595007569164174
0.5595007569164174
0.5595007569164174
0.5595007569164174
0.5595007569164174
0.5595007569164174
0.5595007569164174
0.5595007569164174
0.5595007569164174
0.5595007569164174
0.5595007569164174
0.5595007569164174
0.5595007569164174
0.5595007569164174
0.5595007569164174
0.5595007569164174
0.5595007569164174
0.5595007569164174
0.5595007569164174
0.5595007569164174
0.5595007569164174
0.5595007569164174
0.5595007569164174
0.5595007569164174
0.5595007569164174
0.5595007569164174
0.5595007569164174
0.5595007569164174
0.5595007569164174
0.5595007569164174
0.5595007569164174
0.5595007569164174
0.5595007569164174
0.5595007569164174
0.5595007569164174
0.5595007569164174
0.5595007569164174
0.5595007569164174
0.5595007569164174
0.5595007569164174
0.5595007569164174
0.5595007569164174
0.5595007569164174
0.5595007569164174
0.5595007569164174
0.5595007569164174
0.5595007569164174
0.5595007569164174
0.5595007569164174
0.5595007569164174
0.5595007569164174
0.5595007569164174
0.5595007569164174
0.5595007569164174
0.5595007569164174
0.5595007569164174
0.5595007569164174
0.5595007569164174
0.5595007569164174
0.5595007569164174
0.5595007569164174
0.5595007569164174
0.5595007569164174
0.5595007569164174
0.5595007569164174
0.5595007569164174
0.5595007569164174
0.5595007569164174
0.5595007569164174
0.5595007569164174
0.5595007569164174
0.5595007569164174
0.5595007569164174
0.5595007569164174
0.5595007569164174
0.5595007569164174
0.5595007569164174
0.5595007569164174
0.5595007569164174
0.5595007569164174
0.5595007569164174
0.5595007569164174
0.5595007569164174
0.5595007569164174
0.5595007569164174
0.5595007569164174
0.5595007569164174
0.5595007569164174
0.5595007569164174
0.5595007569164174
0.5595007569164174
0.5595007569164174
0.5595007569164174
0.5595007569164174
0.5595007569164174
0.5595007569164174
0.5595007569164174
0.5595007569164174
0.5595007569164174
0.5595007569164174
0.5595007569164174
0.5595007569164174
0.5595007569164174
0.5595007569164174
0.5595007569164174
0.5595007569164174
0.5595007569164174
0.5595007569164174
0.5595007569164174
0.5595007569164174
0.5595007569164174
0.5595007569164174
0.5595007569164174
0.5595007569164174